t # 0 1 d101
v 0 0
v 1 0
v 2 0
v 3 0
v 4 0
v 5 0
v 6 0
v 7 0
v 8 0
v 9 0
v 10 0
v 11 0
v 12 0
v 13 0
v 14 0
v 15 0
v 16 0
v 17 0
v 18 0
v 19 0
v 20 2
v 21 3
v 22 3
v 23 1
v 24 1
v 25 1
v 26 1
v 27 1
v 28 1
v 29 1
v 30 1
v 31 1
v 32 1
v 33 1
v 34 1
v 35 1
v 36 1
v 37 1
e 0 1 7
e 1 2 7
e 2 3 7
e 3 4 7
e 4 5 7
e 5 0 7
e 2 6 7
e 6 7 7
e 7 8 7
e 8 9 7
e 9 3 7
e 9 10 7
e 10 11 7
e 11 12 7
e 12 4 7
e 8 13 7
e 13 14 7
e 14 15 7
e 15 10 7
e 11 16 1
e 16 17 1
e 17 18 1
e 18 19 1
e 19 12 1
e 13 20 1
e 20 21 2
e 20 22 2
e 0 23 1
e 1 24 1
e 5 25 1
e 6 26 1
e 7 27 1
e 14 28 1
e 15 29 1
e 19 30 1
e 19 31 1
e 18 32 1
e 18 33 1
e 16 34 1
e 16 35 1
e 17 36 1
e 17 37 1

t # 0 1 d103
v 0 0
v 1 0
v 2 0
v 3 0
v 4 0
v 5 0
v 6 1
v 7 1
v 8 1
v 9 0
v 10 0
v 11 0
v 12 0
v 13 1
v 14 1
v 15 0
v 16 0
v 17 0
v 18 1
v 19 1
v 20 0
v 21 0
v 22 0
v 23 1
v 24 1
v 25 2
v 26 3
v 27 3
e 0 1 7
e 1 2 7
e 2 3 7
e 3 4 7
e 4 5 7
e 5 0 7
e 0 6 1
e 1 7 1
e 5 8 1
e 2 9 7
e 9 10 7
e 10 11 7
e 11 12 7
e 12 3 7
e 9 13 1
e 10 14 1
e 12 15 7
e 15 16 7
e 16 17 7
e 17 4 7
e 16 18 1
e 17 19 1
e 11 20 7
e 20 21 7
e 21 22 7
e 22 15 7
e 20 23 1
e 22 24 1
e 21 25 1
e 25 26 2
e 25 27 2

t # 0 1 d104
v 0 0
v 1 0
v 2 0
v 3 0
v 4 0
v 5 0
v 6 0
v 7 0
v 8 0
v 9 0
v 10 0
v 11 0
v 12 0
v 13 0
v 14 0
v 15 0
v 16 0
v 17 0
v 18 0
v 19 0
v 20 2
v 21 3
v 22 3
v 23 1
v 24 1
v 25 1
v 26 1
v 27 1
v 28 1
v 29 1
v 30 1
v 31 1
v 32 1
v 33 1
v 34 1
v 35 1
v 36 1
v 37 1
e 0 1 7
e 1 2 7
e 2 3 7
e 3 4 7
e 4 5 7
e 5 0 7
e 2 6 7
e 6 7 7
e 7 8 7
e 8 9 7
e 9 3 7
e 9 10 7
e 10 11 7
e 11 12 7
e 12 4 7
e 8 13 7
e 13 14 7
e 14 15 7
e 15 10 7
e 11 16 1
e 16 17 1
e 17 18 1
e 18 19 1
e 19 12 1
e 15 20 1
e 20 21 2
e 20 22 2
e 0 23 1
e 1 24 1
e 5 25 1
e 6 26 1
e 7 27 1
e 13 28 1
e 14 29 1
e 19 30 1
e 19 31 1
e 18 32 1
e 18 33 1
e 16 34 1
e 16 35 1
e 17 36 1
e 17 37 1

t # 0 1 d60
v 0 0
v 1 0
v 2 0
v 3 0
v 4 0
v 5 0
v 6 1
v 7 1
v 8 1
v 9 0
v 10 0
v 11 0
v 12 0
v 13 1
v 14 1
v 15 2
v 16 2
v 17 2
v 18 3
v 19 3
v 20 3
v 21 3
v 22 3
v 23 3
e 0 1 7
e 1 2 7
e 2 3 7
e 3 4 7
e 4 5 7
e 5 0 7
e 0 6 1
e 1 7 1
e 5 8 1
e 2 9 7
e 9 10 7
e 10 11 7
e 11 12 7
e 12 3 7
e 9 13 1
e 11 14 1
e 15 12 1
e 10 16 1
e 17 4 1
e 18 17 2
e 17 19 2
e 20 15 2
e 15 21 2
e 22 16 2
e 16 23 2

t # 0 1 d180
v 0 0
v 1 0
v 2 0
v 3 0
v 4 0
v 5 0
v 6 0
v 7 0
v 8 0
v 9 0
v 10 0
v 11 0
v 12 0
v 13 0
v 14 0
v 15 0
v 16 0
v 17 0
v 18 0
v 19 0
v 20 0
v 21 0
v 22 2
v 23 2
v 24 3
v 25 3
v 26 3
v 27 3
v 28 1
v 29 1
v 30 1
v 31 1
v 32 1
v 33 1
v 34 1
v 35 1
v 36 1
v 37 1
e 0 1 7
e 1 2 7
e 2 3 7
e 3 4 7
e 4 5 7
e 5 0 7
e 4 6 7
e 6 7 7
e 7 8 7
e 8 9 7
e 9 5 7
e 6 10 7
e 10 11 7
e 11 12 7
e 12 13 7
e 13 7 7
e 10 14 7
e 14 15 7
e 15 16 7
e 16 17 7
e 17 11 7
e 14 18 7
e 18 19 7
e 19 20 7
e 20 21 7
e 21 15 7
e 3 18 1
e 21 22 1
e 2 23 1
e 22 24 2
e 22 25 2
e 23 26 2
e 23 27 2
e 0 28 1
e 1 29 1
e 8 30 1
e 9 31 1
e 12 32 1
e 13 33 1
e 16 34 1
e 17 35 1
e 19 36 1
e 20 37 1

t # 0 1 d112
v 0 0
v 1 0
v 2 0
v 3 0
v 4 0
v 5 0
v 6 1
v 7 1
v 8 1
v 9 0
v 10 0
v 11 0
v 12 0
v 13 1
v 14 1
v 15 0
v 16 0
v 17 1
v 18 1
v 19 1
v 20 1
v 21 2
v 22 3
v 23 3
e 0 1 7
e 1 2 7
e 2 3 7
e 3 4 7
e 4 5 7
e 5 0 7
e 0 6 1
e 1 7 1
e 5 8 1
e 2 9 7
e 9 10 7
e 10 11 7
e 11 12 7
e 12 3 7
e 9 13 1
e 10 14 1
e 4 15 1
e 15 16 1
e 15 17 1
e 15 18 1
e 16 12 1
e 16 19 1
e 16 20 1
e 11 21 1
e 21 22 2
e 21 23 2

t # 0 1 d28
v 0 0
v 1 0
v 2 0
v 3 0
v 4 0
v 5 0
v 6 0
v 7 0
v 8 0
v 9 0
v 10 0
v 11 0
v 12 0
v 13 2
v 14 3
v 15 3
v 16 4
v 17 1
v 18 1
v 19 1
v 20 1
v 21 1
v 22 1
v 23 1
v 24 1
e 0 1 7
e 1 2 7
e 2 3 7
e 3 4 7
e 4 5 7
e 5 0 7
e 6 7 7
e 7 8 7
e 8 9 7
e 9 10 7
e 10 11 7
e 11 6 7
e 3 11 1
e 2 12 1
e 12 6 1
e 0 13 1
e 13 14 2
e 13 15 2
e 8 16 1
e 1 17 1
e 4 18 1
e 5 19 1
e 7 20 1
e 9 21 1
e 10 22 1
e 12 23 1
e 12 24 1

t # 0 1 d25
v 0 0
v 1 0
v 2 0
v 3 0
v 4 0
v 5 0
v 6 0
v 7 0
v 8 0
v 9 0
v 10 0
v 11 0
v 12 0
v 13 3
v 14 2
v 15 3
v 16 3
v 17 1
v 18 1
v 19 1
v 20 1
v 21 1
v 22 1
v 23 1
v 24 1
v 25 1
e 0 1 7
e 1 2 7
e 2 3 7
e 3 4 7
e 4 5 7
e 5 0 7
e 6 7 7
e 7 8 7
e 8 9 7
e 9 10 7
e 10 11 7
e 11 6 7
e 3 11 1
e 2 12 1
e 12 6 1
e 8 13 1
e 0 14 1
e 14 15 2
e 14 16 2
e 1 17 1
e 4 18 1
e 5 19 1
e 7 20 1
e 9 21 1
e 10 22 1
e 13 23 1
e 12 24 1
e 12 25 1

t # 0 1 d146
v 0 0
v 1 0
v 2 0
v 3 0
v 4 0
v 5 0
v 6 1
v 7 1
v 8 1
v 9 1
v 10 0
v 11 0
v 12 0
v 13 0
v 14 0
v 15 0
v 16 1
v 17 1
v 18 1
v 19 2
v 20 3
v 21 3
v 22 1
v 23 2
v 24 1
v 25 1
e 0 1 7
e 1 2 7
e 2 3 7
e 3 4 7
e 4 5 7
e 5 0 7
e 1 6 1
e 2 7 1
e 4 8 1
e 5 9 1
e 10 11 7
e 11 12 7
e 12 13 7
e 13 14 7
e 14 15 7
e 15 10 7
e 11 16 1
e 12 17 1
e 15 18 1
e 3 10 1
e 0 19 1
e 19 20 2
e 19 21 2
e 14 22 1
e 13 23 1
e 23 24 1
e 23 25 1

t # 0 1 d12
v 0 0
v 1 0
v 2 0
v 3 0
v 4 0
v 5 0
v 6 1
v 7 1
v 8 0
v 9 0
v 10 0
v 11 0
v 12 1
v 13 1
v 14 0
v 15 0
v 16 0
v 17 1
v 18 1
v 19 0
v 20 0
v 21 0
v 22 1
v 23 1
v 24 2
v 25 3
v 26 3
v 27 2
v 28 1
v 29 1
e 0 1 7
e 1 2 7
e 2 3 7
e 3 4 7
e 4 5 7
e 5 0 7
e 0 6 1
e 1 7 1
e 3 8 7
e 8 9 7
e 9 10 7
e 10 11 7
e 11 4 7
e 10 12 1
e 11 13 1
e 2 14 7
e 14 15 7
e 15 16 7
e 16 8 7
e 14 17 1
e 15 18 1
e 16 19 7
e 19 20 7
e 20 21 7
e 21 9 7
e 19 22 1
e 20 23 1
e 24 5 1
e 25 24 2
e 26 24 2
e 21 27 1
e 27 28 1
e 27 29 1

t # 0 1 d134
v 0 0
v 1 0
v 2 0
v 3 0
v 4 0
v 5 0
v 6 0
v 7 0
v 8 0
v 9 0
v 10 0
v 11 0
v 12 0
v 13 0
v 14 0
v 15 0
v 16 1
v 17 1
v 18 1
v 19 1
v 20 1
v 21 1
v 22 1
v 23 1
v 24 1
v 25 1
v 26 2
v 27 2
v 28 3
v 29 3
v 30 3
v 31 3
e 0 1 7
e 1 2 7
e 2 3 7
e 3 4 7
e 4 5 7
e 5 0 7
e 2 6 1
e 6 7 1
e 7 8 1
e 8 9 7
e 9 3 7
e 9 10 7
e 10 11 7
e 11 12 7
e 12 4 7
e 8 13 7
e 13 14 7
e 14 15 7
e 15 10 7
e 1 16 1
e 5 17 1
e 11 18 1
e 12 19 1
e 13 20 1
e 15 21 1
e 6 22 1
e 6 23 1
e 7 24 1
e 7 25 1
e 26 14 1
e 0 27 1
e 26 28 2
e 26 29 2
e 27 30 2
e 27 31 2

t # 0 1 d21
v 0 0
v 1 0
v 2 0
v 3 0
v 4 0
v 5 0
v 6 1
v 7 1
v 8 1
v 9 1
v 10 0
v 11 0
v 12 0
v 13 0
v 14 0
v 15 0
v 16 1
v 17 1
v 18 1
v 19 1
v 20 2
v 21 2
v 22 3
v 23 3
v 24 3
v 25 3
e 0 1 7
e 1 2 7
e 2 3 7
e 3 4 7
e 4 5 7
e 5 0 7
e 0 6 1
e 1 7 1
e 2 8 1
e 4 9 1
e 10 11 7
e 11 12 7
e 12 13 7
e 13 14 7
e 14 15 7
e 15 10 7
e 11 16 1
e 12 17 1
e 14 18 1
e 15 19 1
e 3 10 1
e 20 13 1
e 21 5 1
e 22 20 2
e 23 20 2
e 24 21 2
e 21 25 2

t # 0 1 d176
v 0 0
v 1 0
v 2 0
v 3 0
v 4 0
v 5 0
v 6 1
v 7 1
v 8 1
v 9 0
v 10 0
v 11 1
v 12 1
v 13 0
v 14 1
v 15 1
v 16 2
v 17 3
v 18 3
e 0 1 7
e 1 2 7
e 2 3 7
e 3 4 7
e 4 5 7
e 5 0 7
e 1 6 1
e 4 7 1
e 5 8 1
e 2 9 1
e 9 10 1
e 9 11 1
e 9 12 1
e 3 13 1
e 13 10 2
e 13 14 1
e 10 15 1
e 0 16 1
e 16 17 2
e 16 18 2

t # 0 -1 d131
v 0 0
v 1 0
v 2 0
v 3 0
v 4 0
v 5 0
v 6 1
v 7 1
v 8 1
v 9 1
v 10 0
v 11 0
v 12 1
v 13 3
v 14 1
v 15 0
v 16 0
v 17 0
v 18 0
v 19 0
v 20 0
v 21 1
v 22 1
v 23 1
v 24 1
v 25 1
v 26 2
v 27 3
v 28 3
e 0 1 7
e 1 2 7
e 2 3 7
e 3 4 7
e 4 5 7
e 5 0 7
e 0 6 1
e 2 7 1
e 3 8 1
e 5 9 1
e 4 10 1
e 10 11 2
e 10 12 1
e 11 13 1
e 11 14 1
e 13 15 1
e 15 16 7
e 16 17 7
e 17 18 7
e 18 19 7
e 19 20 7
e 20 15 7
e 16 21 1
e 17 22 1
e 18 23 1
e 19 24 1
e 20 25 1
e 1 26 1
e 26 27 2
e 26 28 2

t # 0 -1 d124
v 0 0
v 1 0
v 2 0
v 3 0
v 4 0
v 5 0
v 6 1
v 7 1
v 8 1
v 9 2
v 10 4
v 11 4
v 12 3
v 13 3
e 0 1 7
e 1 2 7
e 2 3 7
e 3 4 7
e 4 5 7
e 5 0 7
e 0 6 1
e 2 7 1
e 5 8 1
e 4 9 1
e 3 10 1
e 1 11 1
e 9 12 2
e 9 13 2

t # 0 -1 d62
v 0 0
v 1 0
v 2 0
v 3 0
v 4 0
v 5 0
v 6 1
v 7 1
v 8 1
v 9 3
v 10 1
v 11 2
v 12 2
v 13 3
v 14 3
v 15 1
v 16 1
e 0 1 7
e 1 2 7
e 2 3 7
e 3 4 7
e 4 5 7
e 5 0 7
e 1 6 1
e 2 7 1
e 5 8 1
e 9 4 1
e 9 10 1
e 3 11 1
e 0 12 1
e 13 12 2
e 12 14 2
e 11 15 1
e 11 16 1

t # 0 -1 d156
v 0 0
v 1 0
v 2 0
v 3 0
v 4 0
v 5 0
v 6 1
v 7 1
v 8 1
v 9 2
v 10 0
v 11 0
v 12 1
v 13 1
v 14 1
v 15 1
v 16 1
v 17 2
v 18 3
v 19 3
e 0 1 7
e 1 2 7
e 2 3 7
e 3 4 7
e 4 5 7
e 5 0 7
e 1 6 1
e 4 7 1
e 5 8 1
e 2 9 1
e 9 10 1
e 3 11 1
e 11 10 1
e 9 12 1
e 11 13 1
e 11 14 1
e 10 15 1
e 10 16 1
e 0 17 1
e 17 18 2
e 17 19 2

t # 0 -1 d36
v 0 0
v 1 0
v 2 0
v 3 0
v 4 0
v 5 0
v 6 1
v 7 1
v 8 1
v 9 1
v 10 0
v 11 0
v 12 0
v 13 0
v 14 1
v 15 1
v 16 0
v 17 1
v 18 1
v 19 1
v 20 2
v 21 3
v 22 3
e 0 1 7
e 1 2 7
e 2 3 7
e 3 4 7
e 4 5 7
e 5 0 7
e 0 6 1
e 1 7 1
e 4 8 1
e 5 9 1
e 2 10 7
e 10 11 7
e 11 12 7
e 12 13 7
e 13 3 7
e 10 14 1
e 13 15 1
e 11 16 1
e 16 17 1
e 16 18 1
e 16 19 1
e 12 20 1
e 21 20 2
e 20 22 2

t # 0 -1 d70
v 0 0
v 1 0
v 2 0
v 3 0
v 4 0
v 5 0
v 6 1
v 7 1
v 8 1
v 9 2
v 10 0
v 11 0
v 12 3
v 13 3
v 14 1
v 15 2
v 16 3
v 17 3
e 0 1 7
e 1 2 7
e 2 3 7
e 3 4 7
e 4 5 7
e 5 0 7
e 0 6 1
e 1 7 1
e 4 8 1
e 2 9 1
e 9 10 1
e 10 11 1
e 11 3 1
e 10 12 2
e 11 13 2
e 9 14 1
e 5 15 1
e 16 15 2
e 15 17 2

