t # 0 1 d45
v 0 0
v 1 0
v 2 0
v 3 0
v 4 0
v 5 0
v 6 1
v 7 1
v 8 1
v 9 1
v 10 2
v 11 2
v 12 3
v 13 3
v 14 3
v 15 3
e 0 1 7
e 1 2 7
e 2 3 7
e 3 4 7
e 4 5 7
e 5 0 7
e 0 6 1
e 2 7 1
e 3 8 1
e 5 9 1
e 10 4 1
e 1 11 1
e 12 10 2
e 10 13 2
e 11 14 2
e 11 15 2

t # 0 1 d15
v 0 0
v 1 0
v 2 0
v 3 0
v 4 0
v 5 0
v 6 1
v 7 1
v 8 1
v 9 0
v 10 0
v 11 0
v 12 0
v 13 1
v 14 1
v 15 0
v 16 0
v 17 0
v 18 1
v 19 1
v 20 0
v 21 0
v 22 0
v 23 1
v 24 1
v 25 2
v 26 3
v 27 3
e 0 1 7
e 1 2 7
e 2 3 7
e 3 4 7
e 4 5 7
e 5 0 7
e 0 6 1
e 1 7 1
e 5 8 1
e 3 9 7
e 9 10 7
e 10 11 7
e 11 12 7
e 12 4 7
e 11 13 1
e 12 14 1
e 2 15 7
e 15 16 7
e 16 17 7
e 17 9 7
e 15 18 1
e 16 19 1
e 17 20 7
e 20 21 7
e 21 22 7
e 22 10 7
e 20 23 1
e 21 24 1
e 25 22 1
e 25 26 2
e 25 27 2

t # 0 1 d26
v 0 0
v 1 0
v 2 0
v 3 0
v 4 0
v 5 0
v 6 1
v 7 1
v 8 1
v 9 5
v 10 2
v 11 2
v 12 3
v 13 3
v 14 3
v 15 3
e 0 1 7
e 1 2 7
e 2 3 7
e 3 4 7
e 4 5 7
e 5 0 7
e 0 6 1
e 2 7 1
e 5 8 1
e 9 4 1
e 3 10 1
e 1 11 1
e 12 10 2
e 10 13 2
e 14 11 2
e 11 15 2

t # 0 1 d8
v 0 0
v 1 0
v 2 0
v 3 0
v 4 0
v 5 0
v 6 0
v 7 0
v 8 0
v 9 0
v 10 0
v 11 0
v 12 0
v 13 2
v 14 3
v 15 3
v 16 1
v 17 1
v 18 1
v 19 1
v 20 1
v 21 1
v 22 1
v 23 1
v 24 3
v 25 0
v 26 0
v 27 1
v 28 1
v 29 1
v 30 3
e 0 1 7
e 1 2 7
e 2 3 7
e 3 4 7
e 4 5 7
e 5 0 7
e 6 7 7
e 7 8 7
e 8 9 7
e 9 10 7
e 10 11 7
e 11 6 7
e 3 11 1
e 2 12 1
e 12 6 1
e 0 13 1
e 13 14 2
e 13 15 2
e 1 16 1
e 4 17 1
e 5 18 1
e 7 19 1
e 9 20 1
e 10 21 1
e 12 22 1
e 12 23 1
e 8 24 1
e 24 25 1
e 25 26 1
e 26 27 1
e 26 28 1
e 26 29 1
e 25 30 2

t # 0 1 d126
v 0 0
v 1 0
v 2 0
v 3 0
v 4 0
v 5 0
v 6 1
v 7 1
v 8 1
v 9 2
v 10 0
v 11 0
v 12 2
v 13 0
v 14 0
v 15 0
v 16 0
v 17 1
v 18 1
v 19 1
v 20 1
v 21 1
v 22 2
v 23 2
v 24 3
v 25 3
v 26 3
v 27 3
e 0 1 7
e 1 2 7
e 2 3 7
e 3 4 7
e 4 5 7
e 5 0 7
e 1 6 1
e 4 7 1
e 5 8 1
e 2 9 1
e 9 10 1
e 10 11 7
e 11 12 1
e 12 3 1
e 10 13 7
e 13 14 7
e 14 15 7
e 15 16 7
e 16 11 7
e 13 17 1
e 14 18 1
e 15 19 1
e 12 20 1
e 9 21 1
e 16 22 1
e 0 23 1
e 22 24 2
e 22 25 2
e 23 26 2
e 23 27 2

t # 0 1 d170
v 0 0
v 1 0
v 2 0
v 3 0
v 4 0
v 5 0
v 6 1
v 7 1
v 8 1
v 9 1
v 10 2
v 11 0
v 12 0
v 13 2
v 14 0
v 15 0
v 16 0
v 17 0
v 18 1
v 19 1
v 20 1
v 21 1
v 22 1
v 23 2
v 24 3
v 25 3
e 0 1 7
e 1 2 7
e 2 3 7
e 3 4 7
e 4 5 7
e 5 0 7
e 0 6 1
e 1 7 1
e 4 8 1
e 5 9 1
e 2 10 1
e 10 11 1
e 11 12 7
e 12 13 1
e 13 3 1
e 11 14 7
e 14 15 7
e 15 16 7
e 16 17 7
e 17 12 7
e 14 18 1
e 15 19 1
e 16 20 1
e 13 21 1
e 10 22 1
e 17 23 1
e 23 24 2
e 23 25 2

t # 0 1 d57
v 0 0
v 1 0
v 2 0
v 3 0
v 4 0
v 5 0
v 6 1
v 7 1
v 8 1
v 9 1
v 10 0
v 11 0
v 12 0
v 13 0
v 14 0
v 15 0
v 16 1
v 17 1
v 18 1
v 19 2
v 20 2
v 21 2
v 22 3
v 23 3
v 24 3
v 25 3
v 26 3
v 27 3
e 0 1 7
e 1 2 7
e 2 3 7
e 3 4 7
e 4 5 7
e 5 0 7
e 1 6 1
e 2 7 1
e 4 8 1
e 5 9 1
e 10 11 7
e 11 12 7
e 12 13 7
e 13 14 7
e 14 15 7
e 15 10 7
e 11 16 1
e 12 17 1
e 14 18 1
e 10 3 1
e 19 15 1
e 13 20 1
e 0 21 1
e 22 19 2
e 19 23 2
e 24 20 2
e 20 25 2
e 26 21 2
e 21 27 2

t # 0 1 d108
v 0 0
v 1 0
v 2 0
v 3 0
v 4 0
v 5 0
v 6 1
v 7 1
v 8 0
v 9 0
v 10 0
v 11 0
v 12 1
v 13 0
v 14 0
v 15 0
v 16 0
v 17 0
v 18 0
v 19 1
v 20 1
v 21 1
v 22 1
v 23 2
v 24 3
v 25 3
v 26 1
v 27 1
e 0 1 7
e 1 2 7
e 2 3 7
e 3 4 7
e 4 5 7
e 5 0 7
e 1 6 1
e 5 7 1
e 2 8 7
e 8 9 7
e 9 10 7
e 10 11 7
e 11 3 7
e 10 12 1
e 13 14 7
e 14 15 7
e 15 16 7
e 16 17 7
e 17 18 7
e 18 13 7
e 15 19 1
e 16 20 1
e 17 21 1
e 18 22 1
e 13 4 1
e 14 11 1
e 8 23 1
e 23 24 2
e 23 25 2
e 0 26 1
e 9 27 1

t # 0 1 d61
v 0 0
v 1 0
v 2 0
v 3 0
v 4 0
v 5 0
v 6 1
v 7 1
v 8 1
v 9 0
v 10 0
v 11 0
v 12 0
v 13 0
v 14 0
v 15 1
v 16 1
v 17 1
v 18 0
v 19 1
v 20 1
v 21 5
v 22 2
v 23 3
v 24 3
e 0 1 7
e 1 2 7
e 2 3 7
e 3 4 7
e 4 5 7
e 5 0 7
e 1 6 1
e 4 7 1
e 5 8 1
e 9 10 7
e 10 11 7
e 11 12 7
e 12 13 7
e 13 14 7
e 14 9 7
e 10 15 1
e 12 16 1
e 13 17 1
e 3 14 1
e 2 18 1
e 18 9 1
e 18 19 1
e 18 20 1
e 11 21 1
e 0 22 1
e 23 22 2
e 22 24 2

t # 0 1 d159
v 0 0
v 1 0
v 2 0
v 3 0
v 4 0
v 5 0
v 6 0
v 7 0
v 8 0
v 9 0
v 10 0
v 11 0
v 12 0
v 13 0
v 14 0
v 15 0
v 16 1
v 17 1
v 18 1
v 19 1
v 20 1
v 21 1
v 22 1
v 23 1
v 24 1
v 25 1
v 26 2
v 27 3
v 28 3
e 0 1 2
e 1 2 1
e 2 3 7
e 3 4 7
e 4 5 1
e 5 0 1
e 2 6 7
e 6 7 7
e 7 8 7
e 8 9 7
e 9 3 7
e 9 10 7
e 10 11 7
e 11 12 7
e 12 4 7
e 8 13 7
e 13 14 7
e 14 15 7
e 15 10 7
e 6 16 1
e 7 17 1
e 11 18 1
e 12 19 1
e 13 20 1
e 14 21 1
e 5 22 1
e 5 23 1
e 0 24 1
e 1 25 1
e 15 26 1
e 26 27 2
e 26 28 2

t # 0 1 d151
v 0 0
v 1 0
v 2 0
v 3 0
v 4 0
v 5 0
v 6 2
v 7 2
v 8 0
v 9 2
v 10 3
v 11 3
v 12 1
v 13 1
v 14 1
v 15 1
v 16 1
e 0 1 7
e 1 2 7
e 2 3 7
e 3 4 7
e 4 5 7
e 5 0 7
e 2 6 7
e 6 7 7
e 3 8 7
e 8 7 7
e 1 9 1
e 9 10 2
e 9 11 2
e 0 12 1
e 4 13 1
e 5 14 1
e 8 15 1
e 6 16 1

t # 0 1 d99
v 0 0
v 1 0
v 2 0
v 3 0
v 4 0
v 5 0
v 6 0
v 7 0
v 8 0
v 9 0
v 10 0
v 11 0
v 12 2
v 13 3
v 14 3
v 15 1
v 16 1
v 17 1
v 18 1
v 19 1
v 20 1
v 21 1
e 0 1 7
e 1 2 7
e 2 3 7
e 3 4 7
e 4 5 7
e 5 0 7
e 2 6 7
e 6 7 7
e 7 8 7
e 8 9 7
e 9 3 7
e 4 10 7
e 10 11 7
e 11 9 7
e 10 12 1
e 12 13 2
e 12 14 2
e 0 15 1
e 1 16 1
e 5 17 1
e 6 18 1
e 7 19 1
e 8 20 1
e 11 21 1

t # 0 1 d16
v 0 0
v 1 0
v 2 0
v 3 0
v 4 0
v 5 0
v 6 0
v 7 0
v 8 0
v 9 0
v 10 0
v 11 0
v 12 0
v 13 0
v 14 0
v 15 0
v 16 2
v 17 2
v 18 3
v 19 3
v 20 3
v 21 3
v 22 1
v 23 1
v 24 1
v 25 1
v 26 1
v 27 1
v 28 1
v 29 1
e 0 1 7
e 1 2 7
e 2 3 7
e 3 4 7
e 4 5 7
e 5 0 7
e 2 6 7
e 6 7 7
e 7 8 7
e 8 9 7
e 9 3 7
e 10 11 7
e 11 12 7
e 12 13 7
e 13 14 7
e 14 15 7
e 15 10 7
e 10 4 1
e 6 16 1
e 1 17 1
e 16 18 2
e 16 19 2
e 17 20 2
e 17 21 2
e 0 22 1
e 5 23 1
e 7 24 1
e 8 25 1
e 13 26 1
e 14 27 1
e 15 28 1
e 12 29 1
e 11 9 1

t # 0 -1 d114
v 0 0
v 1 0
v 2 0
v 3 0
v 4 0
v 5 0
v 6 1
v 7 1
v 8 1
v 9 1
v 10 0
v 11 0
v 12 0
v 13 0
v 14 0
v 15 0
v 16 1
v 17 1
v 18 1
v 19 1
v 20 2
v 21 2
v 22 3
v 23 3
v 24 1
v 25 1
e 0 1 7
e 1 2 7
e 2 3 7
e 3 4 7
e 4 5 7
e 5 0 7
e 1 6 1
e 2 7 1
e 4 8 1
e 5 9 1
e 10 11 7
e 11 12 7
e 12 13 7
e 13 14 7
e 14 15 7
e 15 10 7
e 11 16 1
e 12 17 1
e 13 18 1
e 14 19 1
e 3 10 1
e 15 20 1
e 0 21 1
e 21 22 2
e 21 23 2
e 20 24 1
e 20 25 1

t # 0 -1 d147
v 0 0
v 1 0
v 2 0
v 3 0
v 4 0
v 5 0
v 6 2
v 7 0
v 8 2
v 9 0
v 10 2
v 11 3
v 12 3
v 13 1
v 14 1
v 15 1
v 16 1
v 17 1
v 18 1
e 0 1 7
e 1 2 7
e 2 3 7
e 3 4 7
e 4 5 7
e 5 0 7
e 2 6 7
e 6 7 7
e 3 8 7
e 8 7 7
e 7 9 1
e 5 10 1
e 10 11 2
e 10 12 2
e 0 13 1
e 1 14 1
e 4 15 1
e 9 16 1
e 9 17 1
e 9 18 1

t # 0 -1 d98
v 0 0
v 1 0
v 2 0
v 3 0
v 4 0
v 5 0
v 6 1
v 7 1
v 8 1
v 9 0
v 10 2
v 11 0
v 12 0
v 13 1
v 14 1
v 15 1
v 16 2
v 17 3
v 18 3
e 0 1 7
e 1 2 7
e 2 3 7
e 3 4 7
e 4 5 7
e 5 0 7
e 0 6 1
e 1 7 1
e 5 8 1
e 2 9 7
e 9 10 7
e 10 11 7
e 11 12 7
e 12 3 7
e 9 13 1
e 11 14 1
e 12 15 1
e 4 16 1
e 17 16 2
e 16 18 2

t # 0 -1 d135
v 0 0
v 1 0
v 2 0
v 3 0
v 4 0
v 5 0
v 6 1
v 7 1
v 8 1
v 9 2
v 10 3
v 11 3
v 12 5
v 13 4
e 0 1 7
e 1 2 7
e 2 3 7
e 3 4 7
e 4 5 7
e 5 0 7
e 0 6 1
e 3 7 1
e 5 8 1
e 4 9 1
e 9 10 2
e 9 11 2
e 2 12 1
e 1 13 1

t # 0 -1 d78
v 0 0
v 1 0
v 2 0
v 3 0
v 4 0
v 5 0
v 6 1
v 7 1
v 8 1
v 9 1
v 10 0
v 11 0
v 12 0
v 13 0
v 14 0
v 15 0
v 16 1
v 17 1
v 18 1
v 19 1
v 20 0
v 21 1
v 22 1
v 23 1
v 24 2
v 25 3
v 26 3
e 0 1 7
e 1 2 7
e 2 3 7
e 3 4 7
e 4 5 7
e 5 0 7
e 0 6 1
e 1 7 1
e 2 8 1
e 5 9 1
e 10 11 7
e 11 12 7
e 12 13 7
e 13 14 7
e 14 15 7
e 15 10 7
e 11 16 1
e 12 17 1
e 14 18 1
e 15 19 1
e 3 10 1
e 20 4 1
e 20 21 1
e 20 22 1
e 20 23 1
e 13 24 1
e 25 24 2
e 24 26 2

t # 0 -1 d34
v 0 0
v 1 0
v 2 0
v 3 0
v 4 0
v 5 0
v 6 1
v 7 1
v 8 1
v 9 1
v 10 0
v 11 0
v 12 0
v 13 0
v 14 1
v 15 1
v 16 1
v 17 2
v 18 3
v 19 3
e 0 1 7
e 1 2 7
e 2 3 7
e 3 4 7
e 4 5 7
e 5 0 7
e 0 6 1
e 1 7 1
e 4 8 1
e 5 9 1
e 2 10 7
e 10 11 7
e 11 12 7
e 12 13 7
e 13 3 7
e 10 14 1
e 11 15 1
e 13 16 1
e 17 12 1
e 18 17 2
e 17 19 2

