t # 0 1 d49
v 0 0
v 1 0
v 2 0
v 3 0
v 4 0
v 5 0
v 6 1
v 7 1
v 8 1
v 9 0
v 10 0
v 11 0
v 12 0
v 13 0
v 14 0
v 15 1
v 16 1
v 17 1
v 18 2
v 19 2
v 20 1
v 21 1
v 22 2
v 23 2
v 24 3
v 25 3
v 26 3
v 27 3
e 0 1 7
e 1 2 7
e 2 3 7
e 3 4 7
e 4 5 7
e 5 0 7
e 0 6 1
e 1 7 1
e 4 8 1
e 9 10 7
e 10 11 7
e 11 12 7
e 12 13 7
e 13 14 7
e 14 9 7
e 10 15 1
e 11 16 1
e 13 17 1
e 2 18 1
e 18 9 1
e 14 19 1
e 19 3 1
e 18 20 1
e 19 21 1
e 22 12 1
e 23 5 1
e 24 22 2
e 22 25 2
e 26 23 2
e 23 27 2

t # 0 1 d165
v 0 0
v 1 0
v 2 0
v 3 0
v 4 0
v 5 0
v 6 1
v 7 1
v 8 1
v 9 0
v 10 0
v 11 0
v 12 0
v 13 1
v 14 1
v 15 1
v 16 0
v 17 0
v 18 0
v 19 0
v 20 0
v 21 0
v 22 1
v 23 1
v 24 1
v 25 2
v 26 3
v 27 3
e 0 1 7
e 1 2 7
e 2 3 7
e 3 4 7
e 4 5 7
e 5 0 7
e 0 6 1
e 1 7 1
e 5 8 1
e 2 9 7
e 9 10 7
e 10 11 7
e 11 12 7
e 12 3 7
e 9 13 1
e 10 14 1
e 11 15 1
e 16 17 7
e 17 18 7
e 18 19 7
e 19 20 7
e 20 21 7
e 21 16 7
e 18 22 1
e 19 23 1
e 21 24 1
e 16 4 1
e 17 12 1
e 20 25 1
e 25 26 2
e 25 27 2

t # 0 1 d80
v 0 0
v 1 0
v 2 0
v 3 0
v 4 0
v 5 0
v 6 1
v 7 1
v 8 1
v 9 0
v 10 0
v 11 0
v 12 0
v 13 1
v 14 1
v 15 1
v 16 0
v 17 0
v 18 0
v 19 0
v 20 0
v 21 0
v 22 1
v 23 1
v 24 1
v 25 2
v 26 3
v 27 3
e 0 1 7
e 1 2 7
e 2 3 7
e 3 4 7
e 4 5 7
e 5 0 7
e 0 6 1
e 1 7 1
e 5 8 1
e 2 9 7
e 9 10 7
e 10 11 7
e 11 12 7
e 12 3 7
e 9 13 1
e 10 14 1
e 11 15 1
e 16 17 7
e 17 18 7
e 18 19 7
e 19 20 7
e 20 21 7
e 21 16 7
e 18 22 1
e 19 23 1
e 20 24 1
e 16 4 1
e 17 12 1
e 21 25 1
e 26 25 2
e 25 27 2

t # 0 1 d107
v 0 0
v 1 0
v 2 0
v 3 0
v 4 0
v 5 0
v 6 1
v 7 1
v 8 0
v 9 0
v 10 0
v 11 0
v 12 1
v 13 0
v 14 0
v 15 0
v 16 0
v 17 0
v 18 0
v 19 1
v 20 1
v 21 1
v 22 1
v 23 2
v 24 2
v 25 2
v 26 3
v 27 3
v 28 3
v 29 3
v 30 3
v 31 3
e 0 1 7
e 1 2 7
e 2 3 7
e 3 4 7
e 4 5 7
e 5 0 7
e 1 6 1
e 5 7 1
e 2 8 7
e 8 9 7
e 9 10 7
e 10 11 7
e 11 3 7
e 10 12 1
e 13 14 7
e 14 15 7
e 15 16 7
e 16 17 7
e 17 18 7
e 18 13 7
e 15 19 1
e 16 20 1
e 17 21 1
e 18 22 1
e 13 4 1
e 14 11 1
e 9 23 1
e 8 24 1
e 0 25 1
e 25 26 2
e 25 27 2
e 24 28 2
e 24 29 2
e 23 30 2
e 23 31 2

t # 0 1 d85
v 0 0
v 1 0
v 2 0
v 3 0
v 4 0
v 5 0
v 6 0
v 7 0
v 8 0
v 9 0
v 10 0
v 11 0
v 12 0
v 13 0
v 14 0
v 15 0
v 16 0
v 17 0
v 18 0
v 19 0
v 20 1
v 21 1
v 22 1
v 23 1
v 24 1
v 25 1
v 26 1
v 27 1
v 28 1
v 29 1
v 30 1
v 31 2
v 32 3
v 33 3
e 0 1 7
e 1 2 7
e 2 3 7
e 3 4 7
e 4 5 7
e 5 0 7
e 3 6 7
e 6 7 7
e 7 8 7
e 8 9 7
e 9 4 7
e 6 10 7
e 10 11 7
e 11 12 7
e 12 13 7
e 13 7 7
e 11 14 7
e 14 15 7
e 15 16 7
e 16 17 7
e 17 12 7
e 18 8 7
e 18 19 7
e 19 13 7
e 0 20 1
e 1 21 1
e 2 22 1
e 5 23 1
e 9 24 1
e 10 25 1
e 14 26 1
e 15 27 1
e 16 28 1
e 17 29 1
e 19 30 1
e 31 18 1
e 32 31 2
e 31 33 2

t # 0 1 d166
v 0 0
v 1 0
v 2 0
v 3 0
v 4 0
v 5 0
v 6 1
v 7 1
v 8 1
v 9 0
v 10 0
v 11 0
v 12 0
v 13 1
v 14 1
v 15 0
v 16 0
v 17 0
v 18 1
v 19 1
v 20 0
v 21 0
v 22 0
v 23 1
v 24 2
v 25 3
v 26 3
v 27 3
v 28 0
v 29 3
v 30 0
v 31 1
v 32 1
v 33 1
e 0 1 7
e 1 2 7
e 2 3 7
e 3 4 7
e 4 5 7
e 5 0 7
e 0 6 1
e 1 7 1
e 5 8 1
e 2 9 7
e 9 10 7
e 10 11 7
e 11 12 7
e 12 3 7
e 9 13 1
e 10 14 1
e 12 15 7
e 15 16 7
e 16 17 7
e 17 4 7
e 16 18 1
e 17 19 1
e 11 20 7
e 20 21 7
e 21 22 7
e 22 15 7
e 21 23 1
e 22 24 1
e 24 25 2
e 24 26 2
e 20 27 1
e 27 28 1
e 28 29 2
e 28 30 1
e 30 31 1
e 30 32 1
e 30 33 1

t # 0 1 d72
v 0 0
v 1 0
v 2 0
v 3 0
v 4 0
v 5 0
v 6 1
v 7 1
v 8 1
v 9 1
v 10 0
v 11 0
v 12 0
v 13 0
v 14 0
v 15 0
v 16 1
v 17 1
v 18 1
v 19 0
v 20 1
v 21 1
v 22 2
v 23 3
v 24 3
e 0 1 7
e 1 2 7
e 2 3 7
e 3 4 7
e 4 5 7
e 5 0 7
e 0 6 1
e 1 7 1
e 4 8 1
e 5 9 1
e 10 11 7
e 11 12 7
e 12 13 7
e 13 14 7
e 14 15 7
e 15 10 7
e 11 16 1
e 13 17 1
e 14 18 1
e 3 15 1
e 2 19 1
e 19 10 1
e 19 20 1
e 19 21 1
e 12 22 1
e 23 22 2
e 22 24 2

t # 0 1 d43
v 0 0
v 1 0
v 2 0
v 3 0
v 4 0
v 5 0
v 6 1
v 7 1
v 8 1
v 9 0
v 10 0
v 11 0
v 12 0
v 13 1
v 14 1
v 15 0
v 16 0
v 17 0
v 18 0
v 19 0
v 20 0
v 21 1
v 22 1
v 23 1
v 24 2
v 25 3
v 26 3
v 27 1
e 0 1 7
e 1 2 7
e 2 3 7
e 3 4 7
e 4 5 7
e 5 0 7
e 0 6 1
e 1 7 1
e 5 8 1
e 2 9 7
e 9 10 7
e 10 11 7
e 11 12 7
e 12 3 7
e 9 13 1
e 11 14 1
e 15 16 7
e 16 17 7
e 17 18 7
e 18 19 7
e 19 20 7
e 20 15 7
e 18 21 1
e 19 22 1
e 20 23 1
e 15 4 1
e 10 24 1
e 25 24 2
e 24 26 2
e 17 27 1
e 16 12 1

t # 0 1 d69
v 0 0
v 1 0
v 2 0
v 3 0
v 4 0
v 5 0
v 6 1
v 7 1
v 8 1
v 9 0
v 10 0
v 11 0
v 12 0
v 13 0
v 14 0
v 15 1
v 16 1
v 17 1
v 18 0
v 19 1
v 20 1
v 21 2
v 22 2
v 23 3
v 24 3
v 25 3
v 26 3
e 0 1 7
e 1 2 7
e 2 3 7
e 3 4 7
e 4 5 7
e 5 0 7
e 0 6 1
e 1 7 1
e 5 8 1
e 9 10 7
e 10 11 7
e 11 12 7
e 12 13 7
e 13 14 7
e 14 9 7
e 10 15 1
e 12 16 1
e 13 17 1
e 3 14 1
e 2 18 1
e 18 9 1
e 18 19 1
e 18 20 1
e 11 21 1
e 4 22 1
e 23 22 2
e 22 24 2
e 25 21 2
e 21 26 2

t # 0 1 d127
v 0 0
v 1 0
v 2 0
v 3 0
v 4 0
v 5 0
v 6 1
v 7 1
v 8 1
v 9 1
v 10 0
v 11 0
v 12 0
v 13 0
v 14 0
v 15 0
v 16 1
v 17 1
v 18 1
v 19 2
v 20 2
v 21 2
v 22 3
v 23 3
v 24 3
v 25 3
v 26 3
v 27 3
e 0 1 7
e 1 2 7
e 2 3 7
e 3 4 7
e 4 5 7
e 5 0 7
e 0 6 1
e 1 7 1
e 2 8 1
e 4 9 1
e 10 11 7
e 11 12 7
e 12 13 7
e 13 14 7
e 14 15 7
e 15 10 7
e 11 16 1
e 12 17 1
e 15 18 1
e 3 10 1
e 14 19 1
e 5 20 1
e 13 21 1
e 19 22 2
e 19 23 2
e 21 24 2
e 21 25 2
e 20 26 2
e 20 27 2

t # 0 1 d106
v 0 0
v 1 0
v 2 0
v 3 0
v 4 0
v 5 0
v 6 1
v 7 1
v 8 1
v 9 0
v 10 0
v 11 0
v 12 0
v 13 1
v 14 1
v 15 0
v 16 0
v 17 0
v 18 1
v 19 0
v 20 0
v 21 0
v 22 1
v 23 1
v 24 2
v 25 3
v 26 3
v 27 3
v 28 1
e 0 1 7
e 1 2 7
e 2 3 7
e 3 4 7
e 4 5 7
e 5 0 7
e 0 6 1
e 1 7 1
e 5 8 1
e 2 9 7
e 9 10 7
e 10 11 7
e 11 12 7
e 12 3 7
e 9 13 1
e 10 14 1
e 12 15 7
e 15 16 7
e 16 17 7
e 17 4 7
e 17 18 1
e 11 19 7
e 19 20 7
e 20 21 7
e 21 15 7
e 19 22 1
e 20 23 1
e 21 24 1
e 16 25 1
e 24 26 2
e 24 27 2
e 25 28 1

t # 0 1 d6
v 0 0
v 1 0
v 2 0
v 3 0
v 4 0
v 5 0
v 6 0
v 7 0
v 8 0
v 9 0
v 10 0
v 11 0
v 12 0
v 13 0
v 14 0
v 15 0
v 16 1
v 17 1
v 18 1
v 19 1
v 20 1
v 21 1
v 22 2
v 23 2
v 24 3
v 25 3
v 26 3
v 27 3
v 28 3
v 29 3
v 30 3
v 31 3
v 32 2
v 33 2
e 0 1 7
e 1 2 7
e 2 3 7
e 3 4 7
e 4 5 7
e 5 0 7
e 3 6 7
e 6 7 7
e 7 8 7
e 8 9 7
e 9 4 7
e 2 10 7
e 10 11 7
e 11 12 7
e 12 6 7
e 13 14 7
e 14 7 7
e 15 12 7
e 13 15 7
e 0 16 1
e 8 17 1
e 9 18 1
e 10 19 1
e 11 20 1
e 13 21 1
e 22 15 1
e 23 1 1
e 26 22 2
e 22 27 2
e 23 28 2
e 23 29 2
e 5 32 1
e 31 32 2
e 30 32 2
e 14 33 1
e 25 33 2
e 24 33 2

t # 0 -1 d38
v 0 0
v 1 0
v 2 0
v 3 0
v 4 0
v 5 0
v 6 1
v 7 1
v 8 1
v 9 1
v 10 1
v 11 0
v 12 0
v 13 0
v 14 0
v 15 0
v 16 0
v 17 1
v 18 1
v 19 1
v 20 1
v 21 2
v 22 3
v 23 3
e 0 1 7
e 1 2 7
e 2 3 7
e 3 4 7
e 4 5 7
e 5 0 7
e 0 6 1
e 1 7 1
e 2 8 1
e 4 9 1
e 5 10 1
e 11 12 7
e 12 13 7
e 13 14 7
e 14 15 7
e 15 16 7
e 16 11 7
e 12 17 1
e 13 18 1
e 15 19 1
e 16 20 1
e 11 3 1
e 21 14 1
e 22 21 2
e 21 23 2

t # 0 -1 d139
v 0 0
v 1 0
v 2 0
v 3 0
v 4 0
v 5 0
v 6 1
v 7 1
v 8 1
v 9 2
v 10 1
v 11 1
v 12 2
v 13 5
v 14 3
v 15 3
e 0 1 7
e 1 2 7
e 2 3 7
e 3 4 7
e 4 5 7
e 5 0 7
e 0 6 1
e 2 7 1
e 5 8 1
e 4 9 1
e 9 10 1
e 9 11 1
e 3 12 1
e 1 13 1
e 12 14 2
e 12 15 2

t # 0 -1 d155
v 0 0
v 1 0
v 2 0
v 3 0
v 4 0
v 5 0
v 6 1
v 7 1
v 8 1
v 9 3
v 10 0
v 11 1
v 12 1
v 13 1
v 14 2
v 15 2
v 16 3
v 17 3
v 18 3
v 19 3
e 0 1 7
e 1 2 7
e 2 3 7
e 3 4 7
e 4 5 7
e 5 0 7
e 0 6 1
e 2 7 1
e 5 8 1
e 4 9 1
e 9 10 1
e 10 11 1
e 10 12 1
e 10 13 1
e 3 14 1
e 1 15 1
e 14 16 2
e 14 17 2
e 15 18 2
e 15 19 2

t # 0 -1 d77
v 0 0
v 1 0
v 2 0
v 3 0
v 4 0
v 5 0
v 6 1
v 7 1
v 8 1
v 9 1
v 10 0
v 11 0
v 12 0
v 13 0
v 14 0
v 15 0
v 16 1
v 17 1
v 18 1
v 19 1
v 20 2
v 21 2
v 22 3
v 23 3
v 24 1
v 25 1
e 0 1 7
e 1 2 7
e 2 3 7
e 3 4 7
e 4 5 7
e 5 0 7
e 0 6 1
e 1 7 1
e 2 8 1
e 4 9 1
e 10 11 7
e 11 12 7
e 12 13 7
e 13 14 7
e 14 15 7
e 15 10 7
e 11 16 1
e 12 17 1
e 13 18 1
e 14 19 1
e 3 10 1
e 15 20 1
e 5 21 1
e 22 21 2
e 21 23 2
e 20 24 1
e 20 25 1

t # 0 -1 d181
v 0 0
v 1 0
v 2 0
v 3 0
v 4 0
v 5 0
v 6 1
v 7 1
v 8 1
v 9 2
v 10 2
v 11 2
v 12 3
v 13 3
v 14 1
v 15 1
v 16 1
v 17 1
e 0 1 7
e 1 2 7
e 2 3 7
e 3 4 7
e 4 5 7
e 5 0 7
e 0 6 1
e 2 7 1
e 5 8 1
e 4 9 1
e 1 10 1
e 3 11 1
e 11 12 2
e 11 13 2
e 9 14 1
e 9 15 1
e 10 16 1
e 10 17 1

t # 0 -1 d116
v 0 0
v 1 0
v 2 0
v 3 0
v 4 0
v 5 0
v 6 1
v 7 1
v 8 1
v 9 1
v 10 2
v 11 4
v 12 3
v 13 3
e 0 1 7
e 1 2 7
e 2 3 7
e 3 4 7
e 4 5 7
e 5 0 7
e 0 6 1
e 2 7 1
e 3 8 1
e 5 9 1
e 4 10 1
e 1 11 1
e 10 12 2
e 10 13 2

t # 0 -1 d42
v 0 0
v 1 0
v 2 0
v 3 0
v 4 0
v 5 0
v 6 2
v 7 2
v 8 0
v 9 0
v 10 2
v 11 3
v 12 3
v 13 1
v 14 1
v 15 1
v 16 1
v 17 1
v 18 1
v 19 1
v 20 1
e 0 1 7
e 1 2 7
e 2 3 7
e 3 4 7
e 4 5 7
e 5 0 7
e 2 6 7
e 6 7 7
e 3 8 7
e 8 7 7
e 7 9 1
e 5 10 1
e 11 10 2
e 10 12 2
e 0 13 1
e 1 14 1
e 4 15 1
e 8 16 1
e 9 17 1
e 9 18 1
e 9 19 1
e 6 20 1

