t # 0 1 d96
v 0 0
v 1 0
v 2 0
v 3 0
v 4 0
v 5 0
v 6 1
v 7 1
v 8 0
v 9 0
v 10 0
v 11 0
v 12 1
v 13 1
v 14 0
v 15 0
v 16 0
v 17 1
v 18 1
v 19 0
v 20 0
v 21 0
v 22 1
v 23 2
v 24 2
v 25 2
v 26 3
v 27 3
v 28 3
v 29 3
v 30 3
v 31 3
e 0 1 7
e 1 2 7
e 2 3 7
e 3 4 7
e 4 5 7
e 5 0 7
e 0 6 1
e 5 7 1
e 2 8 7
e 8 9 7
e 9 10 7
e 10 11 7
e 11 3 7
e 8 12 1
e 9 13 1
e 11 14 7
e 14 15 7
e 15 16 7
e 16 4 7
e 15 17 1
e 16 18 1
e 10 19 7
e 19 20 7
e 20 21 7
e 21 14 7
e 20 22 1
e 21 23 1
e 19 24 1
e 1 25 1
e 23 26 2
e 23 27 2
e 24 28 2
e 24 29 2
e 25 30 2
e 25 31 2

t # 0 1 d115
v 0 0
v 1 0
v 2 0
v 3 0
v 4 0
v 5 0
v 6 1
v 7 1
v 8 1
v 9 0
v 10 0
v 11 1
v 12 1
v 13 0
v 14 1
v 15 1
v 16 2
v 17 3
v 18 3
e 0 1 7
e 1 2 7
e 2 3 7
e 3 4 7
e 4 5 7
e 5 0 7
e 0 6 1
e 1 7 1
e 4 8 1
e 2 9 1
e 9 10 1
e 9 11 1
e 9 12 1
e 3 13 1
e 13 10 2
e 13 14 1
e 10 15 1
e 5 16 1
e 16 17 2
e 16 18 2

t # 0 1 d18
v 0 0
v 1 0
v 2 0
v 3 0
v 4 0
v 5 0
v 6 0
v 7 0
v 8 0
v 9 0
v 10 0
v 11 0
v 12 0
v 13 3
v 14 2
v 15 3
v 16 3
v 17 1
v 18 1
v 19 1
v 20 1
v 21 1
v 22 1
v 23 1
e 0 1 7
e 1 2 7
e 2 3 7
e 3 4 7
e 4 5 7
e 5 0 7
e 6 7 7
e 7 8 7
e 8 9 7
e 9 10 7
e 10 11 7
e 11 6 7
e 3 11 1
e 2 12 1
e 12 6 1
e 12 13 2
e 9 14 1
e 15 14 2
e 14 16 2
e 0 17 1
e 1 18 1
e 4 19 1
e 5 20 1
e 7 21 1
e 8 22 1
e 10 23 1

t # 0 1 d35
v 0 0
v 1 0
v 2 0
v 3 0
v 4 0
v 5 0
v 6 1
v 7 1
v 8 1
v 9 0
v 10 0
v 11 0
v 12 0
v 13 0
v 14 0
v 15 1
v 16 1
v 17 1
v 18 0
v 19 1
v 20 1
v 21 2
v 22 2
v 23 3
v 24 3
v 25 1
v 26 1
e 0 1 7
e 1 2 7
e 2 3 7
e 3 4 7
e 4 5 7
e 5 0 7
e 1 6 1
e 4 7 1
e 5 8 1
e 9 10 7
e 10 11 7
e 11 12 7
e 12 13 7
e 13 14 7
e 14 9 7
e 10 15 1
e 12 16 1
e 13 17 1
e 3 14 1
e 2 18 1
e 18 9 1
e 18 19 1
e 18 20 1
e 0 21 1
e 11 22 1
e 23 21 2
e 21 24 2
e 22 25 1
e 22 26 1

t # 0 1 d51
v 0 0
v 1 0
v 2 0
v 3 0
v 4 0
v 5 0
v 6 0
v 7 0
v 8 0
v 9 0
v 10 0
v 11 0
v 12 0
v 13 0
v 14 0
v 15 0
v 16 0
v 17 0
v 18 0
v 19 0
v 20 2
v 21 2
v 22 3
v 23 3
v 24 3
v 25 3
v 26 1
v 27 1
v 28 1
v 29 1
v 30 1
v 31 1
v 32 1
v 33 1
v 34 1
v 35 1
v 36 1
v 37 1
v 38 1
v 39 1
e 0 1 7
e 1 2 7
e 2 3 7
e 3 4 7
e 4 5 7
e 5 0 7
e 2 6 7
e 6 7 7
e 7 8 7
e 8 9 7
e 9 3 7
e 9 10 7
e 10 11 7
e 11 12 7
e 12 4 7
e 8 13 7
e 13 14 7
e 14 15 7
e 15 10 7
e 11 16 1
e 16 17 1
e 17 18 1
e 18 19 1
e 19 12 1
e 20 15 1
e 1 21 1
e 22 20 2
e 20 23 2
e 21 24 2
e 21 25 2
e 0 26 1
e 5 27 1
e 6 28 1
e 7 29 1
e 13 30 1
e 14 31 1
e 16 32 1
e 16 33 1
e 17 34 1
e 17 35 1
e 18 36 1
e 18 37 1
e 19 38 1
e 19 39 1

t # 0 1 d118
v 0 0
v 1 0
v 2 0
v 3 0
v 4 0
v 5 0
v 6 0
v 7 0
v 8 0
v 9 0
v 10 0
v 11 0
v 12 0
v 13 0
v 14 0
v 15 0
v 16 0
v 17 0
v 18 0
v 19 0
v 20 2
v 21 3
v 22 3
v 23 1
v 24 1
v 25 1
v 26 1
v 27 1
v 28 1
v 29 1
v 30 1
v 31 1
v 32 1
v 33 1
v 34 1
v 35 1
v 36 1
v 37 1
e 0 1 1
e 1 2 1
e 2 3 7
e 3 4 1
e 4 5 1
e 5 0 1
e 2 6 7
e 6 7 7
e 7 8 7
e 8 9 7
e 9 3 7
e 7 10 7
e 10 11 7
e 11 12 7
e 12 13 7
e 13 8 7
e 13 14 7
e 14 15 7
e 15 16 7
e 16 9 7
e 12 17 7
e 17 18 7
e 18 19 7
e 19 14 7
e 17 20 1
e 20 21 2
e 20 22 2
e 6 23 1
e 10 24 1
e 11 25 1
e 15 26 1
e 16 27 1
e 18 28 1
e 19 29 1
e 1 30 1
e 1 31 1
e 0 32 1
e 0 33 1
e 5 34 1
e 5 35 1
e 4 36 1
e 4 37 1

t # 0 1 d79
v 0 0
v 1 0
v 2 0
v 3 0
v 4 0
v 5 0
v 6 1
v 7 1
v 8 1
v 9 1
v 10 0
v 11 0
v 12 0
v 13 0
v 14 0
v 15 0
v 16 1
v 17 1
v 18 1
v 19 3
v 20 3
v 21 2
v 22 3
v 23 3
e 0 1 7
e 1 2 7
e 2 3 7
e 3 4 7
e 4 5 7
e 5 0 7
e 0 6 1
e 1 7 1
e 4 8 1
e 5 9 1
e 10 11 7
e 11 12 7
e 12 13 7
e 13 14 7
e 14 15 7
e 15 10 7
e 11 16 1
e 12 17 1
e 14 18 1
e 2 19 1
e 19 10 1
e 15 20 1
e 20 3 1
e 21 13 1
e 22 21 2
e 21 23 2

t # 0 1 d187
v 0 0
v 1 0
v 2 0
v 3 0
v 4 0
v 5 0
v 6 0
v 7 0
v 8 0
v 9 0
v 10 1
v 11 1
v 12 1
v 13 0
v 14 0
v 15 0
v 16 0
v 17 1
v 18 1
v 19 1
v 20 1
v 21 0
v 22 0
v 23 0
v 24 0
v 25 1
v 26 1
v 27 1
v 28 1
v 29 2
v 30 3
v 31 3
e 0 1 1
e 1 2 7
e 2 3 1
e 3 4 7
e 4 5 1
e 5 0 7
e 3 6 7
e 6 7 7
e 7 8 7
e 8 9 7
e 9 4 7
e 6 10 1
e 7 11 1
e 9 12 1
e 1 13 7
e 13 14 7
e 14 15 7
e 15 16 7
e 16 2 7
e 13 17 1
e 14 18 1
e 15 19 1
e 16 20 1
e 5 21 7
e 21 22 7
e 22 23 7
e 23 24 7
e 24 0 7
e 21 25 1
e 22 26 1
e 23 27 1
e 24 28 1
e 8 29 1
e 29 30 2
e 29 31 2

t # 0 1 d50
v 0 0
v 1 0
v 2 0
v 3 0
v 4 0
v 5 0
v 6 1
v 7 1
v 8 1
v 9 0
v 10 0
v 11 0
v 12 0
v 13 1
v 14 1
v 15 1
v 16 2
v 17 2
v 18 3
v 19 3
v 20 3
v 21 3
e 0 1 7
e 1 2 7
e 2 3 7
e 3 4 7
e 4 5 7
e 5 0 7
e 0 6 1
e 4 7 1
e 5 8 1
e 2 9 7
e 9 10 7
e 10 11 7
e 11 12 7
e 12 3 7
e 9 13 1
e 10 14 1
e 12 15 1
e 11 16 1
e 1 17 1
e 18 16 2
e 16 19 2
e 17 20 2
e 17 21 2

t # 0 1 d177
v 0 0
v 1 0
v 2 0
v 3 0
v 4 0
v 5 0
v 6 1
v 7 1
v 8 1
v 9 2
v 10 0
v 11 0
v 12 2
v 13 0
v 14 0
v 15 0
v 16 0
v 17 1
v 18 1
v 19 1
v 20 1
v 21 1
v 22 2
v 23 2
v 24 3
v 25 3
v 26 3
v 27 3
e 0 1 7
e 1 2 7
e 2 3 7
e 3 4 7
e 4 5 7
e 5 0 7
e 0 6 1
e 1 7 1
e 5 8 1
e 2 9 1
e 9 10 1
e 10 11 7
e 11 12 1
e 12 3 1
e 10 13 7
e 13 14 7
e 14 15 7
e 15 16 7
e 16 11 7
e 13 17 1
e 14 18 1
e 15 19 1
e 12 20 1
e 9 21 1
e 16 22 1
e 4 23 1
e 23 24 2
e 23 25 2
e 22 26 2
e 22 27 2

t # 0 1 d148
v 0 0
v 1 0
v 2 0
v 3 0
v 4 0
v 5 0
v 6 0
v 7 0
v 8 0
v 9 0
v 10 0
v 11 0
v 12 1
v 13 1
v 14 1
v 15 1
v 16 1
v 17 1
v 18 1
v 19 2
v 20 3
v 21 3
e 0 1 7
e 1 2 7
e 2 3 7
e 3 4 7
e 4 5 7
e 5 0 7
e 2 6 7
e 6 7 7
e 7 8 7
e 8 9 7
e 9 3 7
e 4 10 7
e 9 11 7
e 10 11 7
e 0 12 1
e 1 13 1
e 5 14 1
e 6 15 1
e 7 16 1
e 10 17 1
e 11 18 1
e 8 19 1
e 19 20 2
e 19 21 2

t # 0 1 d121
v 0 0
v 1 0
v 2 0
v 3 0
v 4 0
v 5 0
v 6 1
v 7 1
v 8 0
v 9 0
v 10 0
v 11 0
v 12 1
v 13 0
v 14 0
v 15 0
v 16 0
v 17 0
v 18 0
v 19 1
v 20 1
v 21 1
v 22 1
v 23 2
v 24 2
v 25 2
v 26 3
v 27 3
v 28 3
v 29 3
v 30 3
v 31 3
e 0 1 7
e 1 2 7
e 2 3 7
e 3 4 7
e 4 5 7
e 5 0 7
e 1 6 1
e 5 7 1
e 2 8 7
e 8 9 7
e 9 10 7
e 10 11 7
e 11 3 7
e 8 12 1
e 13 14 7
e 14 15 7
e 15 16 7
e 16 17 7
e 17 18 7
e 18 13 7
e 15 19 1
e 16 20 1
e 17 21 1
e 18 22 1
e 13 4 1
e 14 11 1
e 10 23 1
e 9 24 1
e 0 25 1
e 23 26 2
e 23 27 2
e 24 28 2
e 24 29 2
e 25 30 2
e 25 31 2

t # 0 1 d174
v 0 0
v 1 0
v 2 0
v 3 0
v 4 0
v 5 0
v 6 1
v 7 1
v 8 1
v 9 0
v 10 0
v 11 0
v 12 0
v 13 1
v 14 1
v 15 0
v 16 0
v 17 0
v 18 0
v 19 0
v 20 0
v 21 1
v 22 1
v 23 1
v 24 2
v 25 2
v 26 3
v 27 3
v 28 3
v 29 3
e 0 1 7
e 1 2 7
e 2 3 7
e 3 4 7
e 4 5 7
e 5 0 7
e 0 6 1
e 1 7 1
e 5 8 1
e 2 9 7
e 9 10 7
e 10 11 7
e 11 12 7
e 12 3 7
e 10 13 1
e 11 14 1
e 15 16 7
e 16 17 7
e 17 18 7
e 18 19 7
e 19 20 7
e 20 15 7
e 17 21 1
e 19 22 1
e 20 23 1
e 15 4 1
e 16 12 1
e 9 24 1
e 18 25 1
e 24 26 2
e 24 27 2
e 25 28 2
e 25 29 2

t # 0 -1 d110
v 0 0
v 1 0
v 2 0
v 3 0
v 4 0
v 5 0
v 6 1
v 7 1
v 8 1
v 9 0
v 10 0
v 11 0
v 12 0
v 13 0
v 14 0
v 15 1
v 16 1
v 17 1
v 18 2
v 19 2
v 20 2
v 21 2
v 22 3
v 23 3
v 24 3
v 25 3
v 26 3
v 27 3
v 28 3
v 29 3
e 0 1 7
e 1 2 7
e 2 3 7
e 3 4 7
e 4 5 7
e 5 0 7
e 0 6 1
e 1 7 1
e 5 8 1
e 9 10 7
e 10 11 7
e 11 12 7
e 12 13 7
e 13 14 7
e 14 9 7
e 10 15 1
e 11 16 1
e 13 17 1
e 3 9 1
e 14 18 1
e 12 19 1
e 4 20 1
e 2 21 1
e 20 22 2
e 20 23 2
e 18 24 2
e 18 25 2
e 19 26 2
e 19 27 2
e 21 28 2
e 21 29 2

t # 0 -1 d119
v 0 0
v 1 0
v 2 0
v 3 0
v 4 0
v 5 0
v 6 1
v 7 1
v 8 1
v 9 1
v 10 0
v 11 0
v 12 0
v 13 0
v 14 0
v 15 0
v 16 1
v 17 1
v 18 1
v 19 2
v 20 2
v 21 2
v 22 3
v 23 3
v 24 3
v 25 3
v 26 3
v 27 3
e 0 1 7
e 1 2 7
e 2 3 7
e 3 4 7
e 4 5 7
e 5 0 7
e 0 6 1
e 1 7 1
e 2 8 1
e 5 9 1
e 10 11 7
e 11 12 7
e 12 13 7
e 13 14 7
e 14 15 7
e 15 10 7
e 11 16 1
e 12 17 1
e 14 18 1
e 3 10 1
e 15 19 1
e 13 20 1
e 4 21 1
e 21 22 2
e 21 23 2
e 19 24 2
e 19 25 2
e 20 26 2
e 20 27 2

t # 0 -1 d84
v 0 0
v 1 0
v 2 0
v 3 0
v 4 0
v 5 0
v 6 1
v 7 1
v 8 1
v 9 1
v 10 0
v 11 0
v 12 1
v 13 1
v 14 1
v 15 2
v 16 3
v 17 3
e 0 1 7
e 1 2 7
e 2 3 7
e 3 4 7
e 4 5 7
e 5 0 7
e 0 6 1
e 2 7 1
e 3 8 1
e 5 9 1
e 10 4 1
e 10 11 2
e 10 12 1
e 11 13 1
e 11 14 1
e 1 15 1
e 15 16 2
e 15 17 2

t # 0 -1 d130
v 0 0
v 1 0
v 2 0
v 3 0
v 4 0
v 5 0
v 6 1
v 7 1
v 8 1
v 9 1
v 10 3
v 11 0
v 12 1
v 13 1
v 14 1
v 15 2
v 16 3
v 17 3
e 0 1 7
e 1 2 7
e 2 3 7
e 3 4 7
e 4 5 7
e 5 0 7
e 0 6 1
e 1 7 1
e 2 8 1
e 5 9 1
e 4 10 1
e 10 11 1
e 11 12 1
e 11 13 1
e 11 14 1
e 3 15 1
e 15 16 2
e 15 17 2

t # 0 -1 d40
v 0 0
v 1 0
v 2 0
v 3 0
v 4 0
v 5 0
v 6 1
v 7 1
v 8 1
v 9 1
v 10 0
v 11 0
v 12 0
v 13 0
v 14 1
v 15 1
v 16 1
v 17 2
v 18 3
v 19 3
e 0 1 7
e 1 2 7
e 2 3 7
e 3 4 7
e 4 5 7
e 5 0 7
e 0 6 1
e 1 7 1
e 4 8 1
e 5 9 1
e 2 10 7
e 10 11 7
e 11 12 7
e 12 13 7
e 13 3 7
e 10 14 1
e 11 15 1
e 12 16 1
e 17 13 1
e 18 17 2
e 17 19 2

t # 0 -1 d185
v 0 0
v 1 0
v 2 0
v 3 0
v 4 0
v 5 0
v 6 1
v 7 1
v 8 1
v 9 4
v 10 2
v 11 2
v 12 3
v 13 3
v 14 3
v 15 3
e 0 1 7
e 1 2 7
e 2 3 7
e 3 4 7
e 4 5 7
e 5 0 7
e 0 6 1
e 3 7 1
e 5 8 1
e 4 9 1
e 2 10 1
e 1 11 1
e 11 12 2
e 11 13 2
e 10 14 2
e 10 15 2

