5015 1
7229 1
7231 1
9168 1
9617 1
20625 1
33668 1
34929 1
34931 1
34934 1
45616 1
45617 1
45622 1
47745 1
47750 1
47761 1
47764 1
47766 1
47770 1
50848 1
50850 1
58056 1
58057 1
58058 1
60342 1
63689 1
64054 1
64057 1
65849 1
65856 1
70804 1
70807 1
73283 1
78737 1
78738 1
78741 1
78742 1
78743 1
78744 1
78746 1
78747 1
78748 1
79589 1
79594 1
108408 1
128701 1
140025 1
163661 1
290193 1
295302 1
318534 1
346230 1
364296 1
380292 1
380479 1
527017 1
602670 1
609067 1
610998 1
612049 1
614939 1
615985 1
616791 1
618121 1
619072 1
619179 1
619377 1
620753 1
622229 1
623310 1
624151 1
624231 1
624575 1
625381 1
625482 1
625483 1
625487 1
625642 1
625648 1
626496 1
626923 1
627706 1
627708 1
627725 1
628495 1
629243 1
629267 1
629273 1
631567 1
631702 1
632483 1
632484 1
632485 1
632486 1
632493 1
633001 1
633011 1
633031 1
633422 1
633424 1
633425 1
633810 1
634176 1
634555 1
634748 1
634749 1
634751 1
634753 1
634755 1
634756 1
635034 1
636589 1
636590 1
636592 1
636593 1
636661 1
636790 1
637493 1
637641 1
637642 1
637643 1
637646 1
637653 1
638352 1
638355 1
638361 1
638365 1
638478 1
638521 1
638532 1
638534 1
638581 1
638582 1
638583 1
639472 1
639475 1
639476 1
639767 1
639772 1
639779 1
640065 1
640067 1
640266 1
640286 1
640323 1
641039 1
641295 1
641530 1
641626 1
641635 1
641654 1
641660 1
641661 1
641697 1
641698 1
641699 1
641700 1
642654 1
642655 1
642656 1
642663 1
643034 1
643408 1
643703 1
644633 1
645098 1
645115 1
645124 1
645129 1
645540 1
645542 1
645547 1
645548 1
645727 1
645789 1
645793 1
646436 1
646437 1
646438 1
646439 1
646440 1
646441 1
646443 1
646444 1
646910 1
646943 1
646989 1
647014 1
647019 1
647024 1
647643 1
647644 1
647645 1
647646 1
647648 1
647974 1
647975 1
647976 1
647977 1
648344 1
648352 1
648358 1
648360 1
648400 1
648540 1
649649 1
649971 1
650058 1
650059 1
650061 1
650064 1
650065 1
650886 1
650898 1
651015 1
651016 1
651018 1
651686 1
651687 1
651714 1
654077 1
654262 1
654263 1
654264 1
654265 1
654722 1
654956 1
656199 1
657017 1
657504 1
657732 1
657733 1
657782 1
658434 1
658787 1
659015 1
659017 1
659327 1
659921 1
659922 1
659923 1
660371 1
660372 1
660373 1
661055 1
661056 1
661057 1
661122 1
661123 1
661186 1
661755 1
661944 1
662162 1
662283 1
662426 1
662427 1
662830 1
662831 1
662832 1
663415 1
663416 1
663417 1
663418 1
663419 1
663606 1
663607 1
663608 1
664208 1
664209 1
664210 1
664319 1
664737 1
664739 1
664891 1
664892 1
664893 1
664894 1
664896 1
664941 1
665158 1
665356 1
665357 1
665358 1
665527 1
665534 1
665535 1
665536 1
665539 1
665963 1
665964 1
666115 1
666378 1
666386 1
666863 1
667948 1
667950 1
667951 1
667952 1
668532 1
668535 1
668536 1
668537 1
668856 1
668859 1
670365 1
670881 1
670886 1
670887 1
670888 1
671055 1
671056 1
671283 1
671286 1
671291 1
671292 1
673317 1
673653 1
673654 1
673997 1
674897 1
675186 1
675187 1
675268 1
675282 1
675451 1
676419 1
676509 1
676949 1
677761 1
678323 1
679825 1
680411 1
680412 1
680413 1
680414 1
680416 1
681170 1
681679 1
682328 1
682338 1
682692 1
682699 1
682700 1
684694 1
684881 1
684882 1
685578 1
685582 1
685583 1
685584 1
687376 1
687813 1
690393 1
691259 1
693097 1
693165 1
693166 1
694152 1
694553 1
694557 1
694755 1
695574 1
695625 1
695836 1
696900 1
697445 1
697598 1
697671 1
697780 1
698506 1
698553 1
698554 1
698601 1
698623 1
699054 1
699055 1
699058 1
699329 1
699339 1
699340 1
699349 1
699497 1
699499 1
700123 1
700281 1
700282 1
700283 1
700284 1
700285 1
700286 1
700287 1
700288 1
700290 1
700357 1
700590 1
700591 1
701195 1
701196 1
701201 1
701202 1
701203 1
701595 1
701596 1
701718 1
701777 1
701826 1
701827 1
701828 1
702732 1
703045 1
703046 1
703987 1
704061 1
704062 1
704063 1
704064 1
704529 1
704530 1
704532 1
705832 1
705833 1
706118 1
211 -1
258 -1
1541 -1
3865 -1
4492 -1
4493 -1
4645 -1
5068 -1
6196 -1
7387 -1
7816 -1
7819 -1
9222 -1
11243 -1
11247 -1
15432 -1
16086 -1
16859 -1
17800 -1
19664 -1
20871 -1
24970 -1
25834 -1
26252 -1
28727 -1
34925 -1
34936 -1
35825 -1
37588 -1
38069 -1
38071 -1
38714 -1
43325 -1
44184 -1
45197 -1
45198 -1
45609 -1
45613 -1
45621 -1
47729 -1
47734 -1
47740 -1
47742 -1
47746 -1
47749 -1
47751 -1
47758 -1
47763 -1
47768 -1
50311 -1
50849 -1
50852 -1
50854 -1
50855 -1
53906 -1
55882 -1
55886 -1
56751 -1
56820 -1
57956 -1
58950 -1
59236 -1
62766 -1
63669 -1
63676 -1
63678 -1
63690 -1
63697 -1
64055 -1
64056 -1
65028 -1
65846 -1
65852 -1
65865 -1
66020 -1
66080 -1
67728 -1
67789 -1
71033 -1
71204 -1
71895 -1
72270 -1
72299 -1
72381 -1
72467 -1
72958 -1
76028 -1
76302 -1
76527 -1
77879 -1
77885 -1
78745 -1
79023 -1
79046 -1
79521 -1
79715 -1
79721 -1
79725 -1
79733 -1
79734 -1
79738 -1
79742 -1
79743 -1
79744 -1
79747 -1
81418 -1
83217 -1
85188 -1
85195 -1
85651 -1
86697 -1
87089 -1
87877 -1
88286 -1
88647 -1
91877 -1
92336 -1
95654 -1
95659 -1
96690 -1
96887 -1
102263 -1
104999 -1
107412 -1
112705 -1
112801 -1
114069 -1
115893 -1
119833 -1
120982 -1
121513 -1
121858 -1
122503 -1
122504 -1
123385 -1
127487 -1
128304 -1
134295 -1
135875 -1
137044 -1
140824 -1
142423 -1
143013 -1
143469 -1
145668 -1
149683 -1
149701 -1
154020 -1
154892 -1
156594 -1
161629 -1
162054 -1
162379 -1
163581 -1
165152 -1
166740 -1
167127 -1
168719 -1
170473 -1
176659 -1
183514 -1
185347 -1
186066 -1
187182 -1
187525 -1
187540 -1
197043 -1
197049 -1
201697 -1
207811 -1
208744 -1
209008 -1
210281 -1
210934 -1
212561 -1
213703 -1
213713 -1
227159 -1
241180 -1
243046 -1
252842 -1
255089 -1
261199 -1
261629 -1
266186 -1
271679 -1
272671 -1
274275 -1
278618 -1
280594 -1
282158 -1
285662 -1
285678 -1
286711 -1
291549 -1
292567 -1
294104 -1
294181 -1
295657 -1
297168 -1
298184 -1
308600 -1
310131 -1
310132 -1
314654 -1
317016 -1
317017 -1
324980 -1
326208 -1
327174 -1
327444 -1
328022 -1
333427 -1
334655 -1
335673 -1
339167 -1
342012 -1
342015 -1
342031 -1
342674 -1
343970 -1
348964 -1
350381 -1
351907 -1
352376 -1
354215 -1
354491 -1
354492 -1
356022 -1
358123 -1
360517 -1
363938 -1
364297 -1
365173 -1
367156 -1
369060 -1
369424 -1
370470 -1
371461 -1
372061 -1
375164 -1
375166 -1
375281 -1
376759 -1
377142 -1
378139 -1
379441 -1
379502 -1
380277 -1
380477 -1
380482 -1
382316 -1
382961 -1
383127 -1
400020 -1
403818 -1
405101 -1
405108 -1
405662 -1
407300 -1
407604 -1
408512 -1
525132 -1
602805 -1
603172 -1
603173 -1
606846 -1
607980 -1
608002 -1
610692 -1
610745 -1
610895 -1
611512 -1
613257 -1
613664 -1
613670 -1
613800 -1
613802 -1
614445 -1
614552 -1
614793 -1
614846 -1
615566 -1
619004 -1
619005 -1
619006 -1
619073 -1
620533 -1
622165 -1
622170 -1
622445 -1
622642 -1
623548 -1
623549 -1
623611 -1
623684 -1
623724 -1
623929 -1
624152 -1
624187 -1
624234 -1
624235 -1
624369 -1
624529 -1
624788 -1
624794 -1
625016 -1
625164 -1
625374 -1
625822 -1
626175 -1
626312 -1
626558 -1
626719 -1
626761 -1
626762 -1
626764 -1
626765 -1
627059 -1
627523 -1
627691 -1
628253 -1
628285 -1
628319 -1
628320 -1
628440 -1
628866 -1
629046 -1
629277 -1
629278 -1
629472 -1
629473 -1
629813 -1
629978 -1
630051 -1
630052 -1
630053 -1
630141 -1
630142 -1
630357 -1
630670 -1
630720 -1
631690 -1
631701 -1
632015 -1
632249 -1
632250 -1
632301 -1
632329 -1
632432 -1
632488 -1
632489 -1
632853 -1
632937 -1
632938 -1
632942 -1
632943 -1
632988 -1
633002 -1
633003 -1
633005 -1
633028 -1
633036 -1
633104 -1
633232 -1
633235 -1
633716 -1
633717 -1
633718 -1
633769 -1
633897 -1
633964 -1
634462 -1
634465 -1
634698 -1
634699 -1
634721 -1
634750 -1
634752 -1
634754 -1
634757 -1
634758 -1
635139 -1
635140 -1
636089 -1
636340 -1
636591 -1
636672 -1
636854 -1
637032 -1
637124 -1
637141 -1
637513 -1
637645 -1
637655 -1
638202 -1
638269 -1
638308 -1
638353 -1
638354 -1
638357 -1
638358 -1
638364 -1
639015 -1
639018 -1
639676 -1
639680 -1
639757 -1
639760 -1
639762 -1
639763 -1
639765 -1
639766 -1
639768 -1
639769 -1
639770 -1
639771 -1
639781 -1
639782 -1
639783 -1
639784 -1
640223 -1
640225 -1
640328 -1
640467 -1
640590 -1
640742 -1
641006 -1
641045 -1
641058 -1
641274 -1
641449 -1
641450 -1
641451 -1
641452 -1
641485 -1
641486 -1
641882 -1
642578 -1
642585 -1
642591 -1
642657 -1
642659 -1
643417 -1
643418 -1
643482 -1
643547 -1
643548 -1
643699 -1
643700 -1
643980 -1
644198 -1
644309 -1
645009 -1
645056 -1
645580 -1
645794 -1
645898 -1
645989 -1
646189 -1
646190 -1
646281 -1
646385 -1
646576 -1
646646 -1
646666 -1
646944 -1
647311 -1
647312 -1
647346 -1
647616 -1
647773 -1
648541 -1
648801 -1
648846 -1
648864 -1
649647 -1
650884 -1
650947 -1
651017 -1
651022 -1
651417 -1
651663 -1
651684 -1
651685 -1
651786 -1
651787 -1
651803 -1
651814 -1
652165 -1
652939 -1
653252 -1
653253 -1
653254 -1
654633 -1
654727 -1
654730 -1
654826 -1
654955 -1
654967 -1
655043 -1
655064 -1
655070 -1
655077 -1
655096 -1
655154 -1
655155 -1
655258 -1
655296 -1
655297 -1
655314 -1
655318 -1
655364 -1
655400 -1
655403 -1
655717 -1
655718 -1
655722 -1
655974 -1
656312 -1
656341 -1
656344 -1
656345 -1
656358 -1
656361 -1
656579 -1
656718 -1
656719 -1
656722 -1
656988 -1
656989 -1
657022 -1
657024 -1
657143 -1
657272 -1
657322 -1
657327 -1
657329 -1
657369 -1
657370 -1
657371 -1
657372 -1
657373 -1
657374 -1
657375 -1
657376 -1
657377 -1
657378 -1
657379 -1
657382 -1
657503 -1
657580 -1
657591 -1
657646 -1
657657 -1
657676 -1
657722 -1
657776 -1
657777 -1
657778 -1
657779 -1
657780 -1
657942 -1
657977 -1
657978 -1
657979 -1
657986 -1
658182 -1
658196 -1
658218 -1
658242 -1
658243 -1
658283 -1
658285 -1
658298 -1
658304 -1
658586 -1
658885 -1
658948 -1
658949 -1
658950 -1
658951 -1
658981 -1
658986 -1
659124 -1
659245 -1
659429 -1
659436 -1
659524 -1
659614 -1
659985 -1
660001 -1
660059 -1
660155 -1
660156 -1
660161 -1
660295 -1
660317 -1
660328 -1
660329 -1
660374 -1
660375 -1
660811 -1
660812 -1
660816 -1
660817 -1
660823 -1
660830 -1
661052 -1
661073 -1
661085 -1
661089 -1
661090 -1
661405 -1
661807 -1
661827 -1
661831 -1
661946 -1
661961 -1
662196 -1
662282 -1
662477 -1
662767 -1
662768 -1
662772 -1
662787 -1
663578 -1
663609 -1
663630 -1
663784 -1
663795 -1
664002 -1
664178 -1
664682 -1
664740 -1
664938 -1
664957 -1
665071 -1
665133 -1
665159 -1
665345 -1
665525 -1
665526 -1
665540 -1
665541 -1
665950 -1
666028 -1
666118 -1
666140 -1
666141 -1
666158 -1
666286 -1
666309 -1
666315 -1
666323 -1
666325 -1
666379 -1
666402 -1
666451 -1
666452 -1
666510 -1
666561 -1
666588 -1
666590 -1
666593 -1
666668 -1
666714 -1
666716 -1
666717 -1
666718 -1
666721 -1
666724 -1
666725 -1
666862 -1
667263 -1
667632 -1
667633 -1
667739 -1
667740 -1
667955 -1
667956 -1
668438 -1
668872 -1
668891 -1
668922 -1
669042 -1
669043 -1
669145 -1
669644 -1
669648 -1
669669 -1
669689 -1
669710 -1
669731 -1
669778 -1
669890 -1
669933 -1
669945 -1
669985 -1
670129 -1
670322 -1
670334 -1
670471 -1
670678 -1
670679 -1
670697 -1
671160 -1
671271 -1
671274 -1
671280 -1
671296 -1
671477 -1
671637 -1
671809 -1
671819 -1
671991 -1
672134 -1
672215 -1
672434 -1
672438 -1
672462 -1
672669 -1
672864 -1
672879 -1
672903 -1
672981 -1
673122 -1
673123 -1
673124 -1
673161 -1
673302 -1
673303 -1
673304 -1
673315 -1
673316 -1
673318 -1
673613 -1
673644 -1
673840 -1
673993 -1
673994 -1
673995 -1
673998 -1
674000 -1
674001 -1
674002 -1
674009 -1
674015 -1
674017 -1
674018 -1
674220 -1
674230 -1
674272 -1
674274 -1
674330 -1
674447 -1
674610 -1
674668 -1
674923 -1
675010 -1
675274 -1
675276 -1
675281 -1
675286 -1
675449 -1
675450 -1
675459 -1
675460 -1
675575 -1
675577 -1
675830 -1
675961 -1
676003 -1
676353 -1
676576 -1
676606 -1
676702 -1
676703 -1
676726 -1
676735 -1
676736 -1
676947 -1
676948 -1
677034 -1
677141 -1
677142 -1
677145 -1
677146 -1
677150 -1
677153 -1
677161 -1
677478 -1
677502 -1
677543 -1
677581 -1
677707 -1
677737 -1
677777 -1
677779 -1
677794 -1
677813 -1
678005 -1
678069 -1
678070 -1
678098 -1
678396 -1
678870 -1
679009 -1
679011 -1
679058 -1
679065 -1
679066 -1
679088 -1
679115 -1
679223 -1
679232 -1
679235 -1
679240 -1
679248 -1
679522 -1
679533 -1
679801 -1
679817 -1
680089 -1
680184 -1
680315 -1
680453 -1
680474 -1
680520 -1
680521 -1
680625 -1
680662 -1
680806 -1
680820 -1
680822 -1
681162 -1
681169 -1
681530 -1
681539 -1
681622 -1
681627 -1
681677 -1
681678 -1
681706 -1
681718 -1
682124 -1
682125 -1
682291 -1
682294 -1
682318 -1
682327 -1
682512 -1
682693 -1
682694 -1
682695 -1
682696 -1
682724 -1
682725 -1
682805 -1
682871 -1
682872 -1
683261 -1
683263 -1
683278 -1
683324 -1
683329 -1
683530 -1
683599 -1
683721 -1
683883 -1
684416 -1
684582 -1
684707 -1
684747 -1
684812 -1
684884 -1
684969 -1
684983 -1
685012 -1
685023 -1
685029 -1
685110 -1
685299 -1
685465 -1
685985 -1
686129 -1
686326 -1
686379 -1
686393 -1
686567 -1
686568 -1
686772 -1
686773 -1
686774 -1
686775 -1
686780 -1
686781 -1
686782 -1
687950 -1
688083 -1
688792 -1
688955 -1
688956 -1
688962 -1
688987 -1
690127 -1
690204 -1
690225 -1
690244 -1
690245 -1
690395 -1
690405 -1
690593 -1
690594 -1
690673 -1
690678 -1
690759 -1
690959 -1
690964 -1
691195 -1
691217 -1
691255 -1
691256 -1
691542 -1
691802 -1
692005 -1
692013 -1
692016 -1
692026 -1
692031 -1
692043 -1
692393 -1
692394 -1
692624 -1
692753 -1
693104 -1
694153 -1
694154 -1
694323 -1
694546 -1
694547 -1
694548 -1
694549 -1
694550 -1
694551 -1
694552 -1
694554 -1
694556 -1
694620 -1
694621 -1
694622 -1
694623 -1
694624 -1
694765 -1
694914 -1
694922 -1
694945 -1
694946 -1
694962 -1
695055 -1
695170 -1
695177 -1
695825 -1
695829 -1
695831 -1
695853 -1
696057 -1
696892 -1
696894 -1
696899 -1
696901 -1
696902 -1
696903 -1
697032 -1
697066 -1
697096 -1
697195 -1
697253 -1
697278 -1
697279 -1
697383 -1
697446 -1
697449 -1
697469 -1
697505 -1
697600 -1
697652 -1
697654 -1
697656 -1
697674 -1
698022 -1
698025 -1
698046 -1
698083 -1
698127 -1
698225 -1
698231 -1
698281 -1
698445 -1
698454 -1
698456 -1
698462 -1
698579 -1
698599 -1
698600 -1
698627 -1
698798 -1
698799 -1
698801 -1
698802 -1
698993 -1
699053 -1
699059 -1
699172 -1
699174 -1
699176 -1
699227 -1
699345 -1
699350 -1
699465 -1
699492 -1
699493 -1
699494 -1
699498 -1
699501 -1
699506 -1
699776 -1
699785 -1
699796 -1
699834 -1
699848 -1
699850 -1
700024 -1
700025 -1
700302 -1
700362 -1
700444 -1
700448 -1
700449 -1
700451 -1
700587 -1
700588 -1
700595 -1
700599 -1
700649 -1
700650 -1
700652 -1
700863 -1
700864 -1
701197 -1
701198 -1
701199 -1
701200 -1
701660 -1
701715 -1
701717 -1
701825 -1
702659 -1
703189 -1
703190 -1
703561 -1
704174 -1
704175 -1
704333 -1
704334 -1
704336 -1
704339 -1
704342 -1
704531 -1
704782 -1
704783 -1
704784 -1
704813 -1
705834 -1
705925 -1
705955 -1
705957 -1
706107 -1
706109 -1
706110 -1
706117 -1
