t # 0 1 d75
v 0 0
v 1 0
v 2 0
v 3 0
v 4 0
v 5 0
v 6 1
v 7 1
v 8 1
v 9 1
v 10 0
v 11 0
v 12 0
v 13 0
v 14 0
v 15 0
v 16 1
v 17 1
v 18 1
v 19 1
v 20 2
v 21 2
v 22 3
v 23 3
v 24 3
v 25 3
e 0 1 7
e 1 2 7
e 2 3 7
e 3 4 7
e 4 5 7
e 5 0 7
e 1 6 1
e 2 7 1
e 4 8 1
e 5 9 1
e 10 11 7
e 11 12 7
e 12 13 7
e 13 14 7
e 14 15 7
e 15 10 7
e 11 16 1
e 12 17 1
e 14 18 1
e 15 19 1
e 3 10 1
e 20 13 1
e 0 21 1
e 22 20 2
e 20 23 2
e 21 24 2
e 21 25 2

t # 0 1 d145
v 0 0
v 1 0
v 2 0
v 3 0
v 4 0
v 5 0
v 6 1
v 7 1
v 8 1
v 9 1
v 10 0
v 11 0
v 12 0
v 13 0
v 14 0
v 15 0
v 16 1
v 17 1
v 18 1
v 19 1
v 20 2
v 21 2
v 22 3
v 23 3
v 24 1
v 25 1
e 0 1 7
e 1 2 7
e 2 3 7
e 3 4 7
e 4 5 7
e 5 0 7
e 1 6 1
e 2 7 1
e 4 8 1
e 5 9 1
e 10 11 7
e 11 12 7
e 12 13 7
e 13 14 7
e 14 15 7
e 15 10 7
e 11 16 1
e 12 17 1
e 13 18 1
e 15 19 1
e 3 10 1
e 14 20 1
e 0 21 1
e 21 22 2
e 21 23 2
e 20 24 1
e 20 25 1

t # 0 1 d105
v 0 0
v 1 0
v 2 0
v 3 0
v 4 0
v 5 0
v 6 1
v 7 1
v 8 1
v 9 0
v 10 0
v 11 2
v 12 0
v 13 1
v 14 0
v 15 0
v 16 0
v 17 2
v 18 1
v 19 1
v 20 1
v 21 2
v 22 3
v 23 3
e 0 1 7
e 1 2 7
e 2 3 7
e 3 4 7
e 4 5 7
e 5 0 7
e 0 6 1
e 1 7 1
e 5 8 1
e 3 9 7
e 9 10 7
e 10 11 7
e 11 12 7
e 12 4 7
e 12 13 1
e 9 14 7
e 14 15 7
e 15 16 7
e 16 17 7
e 17 10 7
e 14 18 1
e 15 19 1
e 16 20 1
e 2 21 1
e 21 22 2
e 21 23 2

t # 0 1 d164
v 0 0
v 1 0
v 2 0
v 3 0
v 4 0
v 5 0
v 6 1
v 7 1
v 8 0
v 9 0
v 10 0
v 11 0
v 12 1
v 13 1
v 14 0
v 15 0
v 16 0
v 17 1
v 18 1
v 19 0
v 20 0
v 21 0
v 22 1
v 23 1
v 24 2
v 25 2
v 26 3
v 27 3
v 28 3
v 29 3
e 0 1 7
e 1 2 7
e 2 3 7
e 3 4 7
e 4 5 7
e 5 0 7
e 1 6 1
e 5 7 1
e 2 8 7
e 8 9 7
e 9 10 7
e 10 11 7
e 11 3 7
e 8 12 1
e 9 13 1
e 11 14 7
e 14 15 7
e 15 16 7
e 16 4 7
e 15 17 1
e 16 18 1
e 10 19 7
e 19 20 7
e 20 21 7
e 21 14 7
e 20 22 1
e 0 23 1
e 21 24 1
e 19 25 1
e 24 26 2
e 24 27 2
e 25 28 2
e 25 29 2

t # 0 1 d94
v 0 0
v 1 0
v 2 0
v 3 0
v 4 0
v 5 0
v 6 1
v 7 1
v 8 1
v 9 0
v 10 0
v 11 0
v 12 0
v 13 1
v 14 0
v 15 0
v 16 0
v 17 1
v 18 1
v 19 0
v 20 0
v 21 0
v 22 1
v 23 1
v 24 1
v 25 2
v 26 3
v 27 3
e 0 1 7
e 1 2 7
e 2 3 7
e 3 4 7
e 4 5 7
e 5 0 7
e 0 6 1
e 1 7 1
e 5 8 1
e 2 9 7
e 9 10 7
e 10 11 7
e 11 12 7
e 12 3 7
e 9 13 1
e 12 14 7
e 14 15 7
e 15 16 7
e 16 4 7
e 15 17 1
e 16 18 1
e 11 19 7
e 19 20 7
e 20 21 7
e 21 14 7
e 19 22 1
e 20 23 1
e 21 24 1
e 10 25 1
e 25 26 2
e 25 27 2

t # 0 1 d183
v 0 0
v 1 0
v 2 0
v 3 0
v 4 0
v 5 0
v 6 1
v 7 1
v 8 0
v 9 0
v 10 0
v 11 0
v 12 1
v 13 1
v 14 0
v 15 0
v 16 0
v 17 1
v 18 1
v 19 0
v 20 0
v 21 0
v 22 1
v 23 1
v 24 2
v 25 2
v 26 3
v 27 3
v 28 3
v 29 3
e 0 1 7
e 1 2 7
e 2 3 7
e 3 4 7
e 4 5 7
e 5 0 7
e 0 6 1
e 1 7 1
e 2 8 7
e 8 9 7
e 9 10 7
e 10 11 7
e 11 3 7
e 8 12 1
e 9 13 1
e 11 14 7
e 14 15 7
e 15 16 7
e 16 4 7
e 15 17 1
e 16 18 1
e 10 19 7
e 19 20 7
e 20 21 7
e 21 14 7
e 19 22 1
e 20 23 1
e 21 24 1
e 5 25 1
e 25 26 2
e 25 27 2
e 24 28 2
e 24 29 2

t # 0 1 d184
v 0 0
v 1 0
v 2 0
v 3 0
v 4 0
v 5 0
v 6 1
v 7 1
v 8 1
v 9 0
v 10 0
v 11 0
v 12 0
v 13 1
v 14 1
v 15 0
v 16 0
v 17 0
v 18 0
v 19 0
v 20 0
v 21 1
v 22 1
v 23 1
v 24 2
v 25 2
v 26 3
v 27 3
v 28 3
v 29 3
e 0 1 7
e 1 2 7
e 2 3 7
e 3 4 7
e 4 5 7
e 5 0 7
e 0 6 1
e 1 7 1
e 5 8 1
e 2 9 7
e 9 10 7
e 10 11 7
e 11 12 7
e 12 3 7
e 10 13 1
e 11 14 1
e 15 16 7
e 16 17 7
e 17 18 7
e 18 19 7
e 19 20 7
e 20 15 7
e 17 21 1
e 18 22 1
e 19 23 1
e 15 4 1
e 16 12 1
e 9 24 1
e 20 25 1
e 25 26 2
e 25 27 2
e 24 28 2
e 24 29 2

t # 0 1 d95
v 0 0
v 1 0
v 2 0
v 3 0
v 4 0
v 5 0
v 6 1
v 7 1
v 8 1
v 9 0
v 10 0
v 11 0
v 12 0
v 13 1
v 14 1
v 15 2
v 16 2
v 17 2
v 18 3
v 19 3
v 20 3
v 21 3
v 22 3
v 23 3
e 0 1 7
e 1 2 7
e 2 3 7
e 3 4 7
e 4 5 7
e 5 0 7
e 0 6 1
e 4 7 1
e 5 8 1
e 2 9 7
e 9 10 7
e 10 11 7
e 11 12 7
e 12 3 7
e 9 13 1
e 12 14 1
e 11 15 1
e 10 16 1
e 1 17 1
e 15 18 2
e 15 19 2
e 16 20 2
e 16 21 2
e 17 22 2
e 17 23 2

t # 0 1 d20
v 0 0
v 1 0
v 2 0
v 3 0
v 4 0
v 5 0
v 6 0
v 7 0
v 8 0
v 9 0
v 10 0
v 11 0
v 12 0
v 13 2
v 14 3
v 15 3
v 16 1
v 17 1
v 18 1
v 19 1
v 20 1
v 21 1
v 22 1
v 23 1
v 24 0
v 25 2
e 0 1 7
e 1 2 7
e 2 3 7
e 3 4 7
e 4 5 7
e 5 0 7
e 6 7 7
e 7 8 7
e 8 9 7
e 9 10 7
e 10 11 7
e 11 6 7
e 3 11 1
e 2 12 1
e 12 6 1
e 0 13 1
e 13 14 2
e 13 15 2
e 1 16 1
e 4 17 1
e 5 18 1
e 7 19 1
e 9 20 1
e 10 21 1
e 12 22 1
e 12 23 1
e 8 24 1
e 24 25 3

t # 0 1 d128
v 0 0
v 1 0
v 2 0
v 3 0
v 4 0
v 5 0
v 6 0
v 7 0
v 8 0
v 9 0
v 10 0
v 11 0
v 12 1
v 13 1
v 14 1
v 15 1
v 16 1
v 17 1
v 18 1
v 19 2
v 20 3
v 21 3
e 0 1 7
e 1 2 7
e 2 3 7
e 3 4 7
e 4 5 7
e 5 0 7
e 2 6 7
e 6 7 7
e 7 8 7
e 8 9 7
e 9 3 7
e 4 10 7
e 9 11 7
e 10 11 7
e 0 12 1
e 1 13 1
e 5 14 1
e 7 15 1
e 8 16 1
e 10 17 1
e 11 18 1
e 6 19 1
e 19 20 2
e 19 21 2

t # 0 1 d117
v 0 0
v 1 0
v 2 0
v 3 0
v 4 0
v 5 0
v 6 1
v 7 1
v 8 1
v 9 1
v 10 0
v 11 0
v 12 0
v 13 0
v 14 0
v 15 0
v 16 1
v 17 1
v 18 1
v 19 2
v 20 2
v 21 2
v 22 3
v 23 3
v 24 3
v 25 3
v 26 3
v 27 3
e 0 1 7
e 1 2 7
e 2 3 7
e 3 4 7
e 4 5 7
e 5 0 7
e 0 6 1
e 1 7 1
e 2 8 1
e 4 9 1
e 10 11 7
e 11 12 7
e 12 13 7
e 13 14 7
e 14 15 7
e 15 10 7
e 11 16 1
e 12 17 1
e 14 18 1
e 3 10 1
e 15 19 1
e 13 20 1
e 5 21 1
e 21 22 2
e 21 23 2
e 19 24 2
e 19 25 2
e 20 26 2
e 20 27 2

t # 0 1 d47
v 0 0
v 1 0
v 2 0
v 3 0
v 4 0
v 5 0
v 6 0
v 7 0
v 8 0
v 9 0
v 10 0
v 11 0
v 12 0
v 13 0
v 14 0
v 15 0
v 16 2
v 17 2
v 18 3
v 19 3
v 20 3
v 21 3
v 22 1
v 23 1
v 24 1
v 25 1
v 26 1
v 27 1
v 28 1
v 29 1
v 30 1
v 31 1
v 32 1
v 33 1
e 0 1 7
e 1 2 7
e 2 3 7
e 3 4 7
e 4 5 7
e 5 0 7
e 2 6 1
e 6 7 1
e 7 8 1
e 8 9 7
e 9 3 1
e 9 10 7
e 10 11 1
e 11 12 1
e 12 4 1
e 8 13 7
e 13 14 7
e 14 15 7
e 15 10 7
e 14 16 1
e 0 17 1
e 18 16 2
e 16 19 2
e 20 17 2
e 17 21 2
e 1 22 1
e 5 23 1
e 6 24 1
e 6 25 1
e 7 26 1
e 7 27 1
e 13 28 1
e 15 29 1
e 11 30 1
e 11 31 1
e 12 32 1
e 12 33 1

t # 0 1 d153
v 0 0
v 1 0
v 2 0
v 3 0
v 4 0
v 5 0
v 6 1
v 7 1
v 8 1
v 9 0
v 10 0
v 11 0
v 12 0
v 13 1
v 14 1
v 15 0
v 16 0
v 17 1
v 18 1
v 19 1
v 20 1
v 21 2
v 22 3
v 23 3
e 0 1 7
e 1 2 7
e 2 3 7
e 3 4 7
e 4 5 7
e 5 0 7
e 0 6 1
e 1 7 1
e 5 8 1
e 2 9 7
e 9 10 7
e 10 11 7
e 11 12 7
e 12 3 7
e 10 13 1
e 11 14 1
e 4 15 1
e 12 16 1
e 15 16 1
e 15 17 1
e 15 18 1
e 16 19 1
e 16 20 1
e 9 21 1
e 21 22 2
e 21 23 2

t # 0 -1 d175
v 0 0
v 1 0
v 2 0
v 3 0
v 4 0
v 5 0
v 6 1
v 7 1
v 8 3
v 9 0
v 10 0
v 11 3
v 12 0
v 13 0
v 14 0
v 15 0
v 16 2
v 17 3
v 18 3
v 19 5
v 20 5
v 21 5
v 22 5
v 23 5
e 0 1 7
e 1 2 7
e 2 3 7
e 3 4 7
e 4 5 7
e 5 0 7
e 1 6 1
e 4 7 1
e 2 8 1
e 8 9 1
e 9 10 7
e 10 11 1
e 11 3 1
e 9 12 7
e 12 13 7
e 13 14 7
e 14 15 7
e 15 10 7
e 13 16 1
e 16 17 2
e 16 18 2
e 15 19 1
e 14 20 1
e 12 21 1
e 0 22 1
e 5 23 1

t # 0 -1 d3
v 0 0
v 1 0
v 2 0
v 3 0
v 4 0
v 5 0
v 6 1
v 7 1
v 8 1
v 9 2
v 10 0
v 11 0
v 12 0
v 13 1
v 14 1
v 15 1
v 16 2
v 17 3
v 18 3
e 0 1 7
e 1 2 7
e 2 3 7
e 3 4 7
e 4 5 7
e 5 0 7
e 0 6 1
e 1 7 1
e 5 8 1
e 2 9 7
e 9 10 7
e 10 11 7
e 11 12 7
e 12 3 7
e 10 13 1
e 11 14 1
e 12 15 1
e 16 4 1
e 16 17 2
e 16 18 2

t # 0 -1 d14
v 0 0
v 1 0
v 2 0
v 3 0
v 4 0
v 5 0
v 6 0
v 7 2
v 8 2
v 9 0
v 10 2
v 11 3
v 12 3
v 13 1
v 14 1
v 15 1
v 16 1
v 17 1
v 18 1
v 19 1
e 0 1 7
e 1 2 7
e 2 3 7
e 3 4 7
e 4 5 7
e 5 0 7
e 3 6 7
e 6 7 7
e 7 8 7
e 8 2 7
e 8 9 1
e 0 10 1
e 11 10 2
e 10 12 2
e 1 13 1
e 4 14 1
e 5 15 1
e 6 16 1
e 9 17 1
e 9 18 1
e 9 19 1

t # 0 -1 d7
v 0 0
v 1 0
v 2 0
v 3 0
v 4 0
v 5 0
v 6 1
v 7 1
v 8 1
v 9 1
v 10 1
v 11 0
v 12 0
v 13 0
v 14 0
v 15 0
v 16 0
v 17 1
v 18 1
v 19 1
v 20 0
v 21 1
v 22 1
v 23 1
v 24 2
v 25 3
v 26 3
e 0 1 7
e 1 2 7
e 2 3 7
e 3 4 7
e 4 5 7
e 5 0 7
e 0 6 1
e 1 7 1
e 2 8 1
e 4 9 1
e 5 10 1
e 11 12 7
e 12 13 7
e 13 14 7
e 14 15 7
e 15 16 7
e 16 11 7
e 12 17 1
e 13 18 1
e 16 19 1
e 3 11 1
e 20 15 1
e 20 21 1
e 20 22 1
e 20 23 1
e 24 14 1
e 24 25 2
e 24 26 2

t # 0 -1 d123
v 0 0
v 1 0
v 2 0
v 3 0
v 4 0
v 5 0
v 6 1
v 7 1
v 8 1
v 9 1
v 10 0
v 11 0
v 12 0
v 13 0
v 14 0
v 15 0
v 16 1
v 17 1
v 18 0
v 19 1
v 20 1
v 21 1
v 22 1
v 23 0
v 24 1
v 25 1
v 26 1
v 27 2
v 28 3
v 29 3
e 0 1 7
e 1 2 7
e 2 3 7
e 3 4 7
e 4 5 7
e 5 0 7
e 0 6 1
e 1 7 1
e 2 8 1
e 5 9 1
e 10 11 7
e 11 12 7
e 12 13 7
e 13 14 7
e 14 15 7
e 15 10 7
e 11 16 1
e 12 17 1
e 3 10 1
e 14 18 1
e 18 19 1
e 18 20 1
e 18 21 1
e 15 22 1
e 4 23 1
e 23 24 1
e 23 25 1
e 23 26 1
e 13 27 1
e 27 28 2
e 27 29 2

t # 0 -1 d150
v 0 0
v 1 0
v 2 2
v 3 0
v 4 2
v 5 2
v 6 3
v 7 3
v 8 0
v 9 0
v 10 3
v 11 0
v 12 1
v 13 1
v 14 1
v 15 1
v 16 1
v 17 1
v 18 1
v 19 1
v 20 1
e 0 1 7
e 1 2 7
e 2 3 7
e 3 4 7
e 4 0 7
e 0 5 1
e 5 6 2
e 5 7 2
e 4 8 1
e 8 9 1
e 9 10 1
e 3 11 1
e 1 12 1
e 8 13 1
e 8 14 1
e 9 15 1
e 9 16 1
e 10 17 1
e 11 18 1
e 11 19 1
e 11 20 1

