t # 0 1 d63
v 0 0
v 1 0
v 2 0
v 3 0
v 4 3
v 5 2
v 6 3
v 7 3
v 8 0
v 9 2
v 10 2
v 11 0
v 12 0
v 13 3
v 14 0
v 15 0
v 16 0
v 17 0
v 18 0
v 19 0
v 20 2
v 21 3
v 22 3
v 23 1
v 24 1
v 25 1
v 26 1
v 27 1
v 28 1
v 29 1
v 30 1
v 31 1
e 0 1 7
e 1 2 7
e 2 3 7
e 3 4 7
e 4 0 7
e 0 5 1
e 5 6 2
e 5 7 2
e 3 8 1
e 8 9 2
e 9 10 1
e 10 11 1
e 11 12 1
e 11 13 2
e 12 14 2
e 15 16 7
e 16 17 7
e 17 18 7
e 18 19 7
e 19 15 7
e 18 20 1
e 20 21 2
e 20 22 2
e 1 23 1
e 2 24 1
e 8 25 1
e 10 26 1
e 12 27 1
e 16 28 1
e 17 29 1
e 19 30 1
e 14 15 1
e 14 31 1

t # 0 1 d48
v 0 0
v 1 0
v 2 0
v 3 0
v 4 0
v 5 0
v 6 1
v 7 1
v 8 1
v 9 1
v 10 0
v 11 0
v 12 0
v 13 0
v 14 1
v 15 1
v 16 0
v 17 0
v 18 0
v 19 0
v 20 1
v 21 1
v 22 1
v 23 2
v 24 3
v 25 3
e 0 1 7
e 1 2 7
e 2 3 7
e 3 4 7
e 4 5 7
e 5 0 7
e 0 6 1
e 1 7 1
e 4 8 1
e 5 9 1
e 2 10 7
e 10 11 7
e 11 12 7
e 12 13 7
e 13 3 7
e 10 14 1
e 13 15 1
e 11 16 7
e 16 17 7
e 17 18 7
e 18 19 7
e 19 12 7
e 16 20 1
e 17 21 1
e 19 22 1
e 18 23 1
e 24 23 2
e 23 25 2

t # 0 1 d136
v 0 0
v 1 0
v 2 0
v 3 0
v 4 0
v 5 0
v 6 1
v 7 1
v 8 1
v 9 0
v 10 0
v 11 0
v 12 0
v 13 1
v 14 1
v 15 0
v 16 0
v 17 0
v 18 1
v 19 1
v 20 0
v 21 0
v 22 0
v 23 1
v 24 3
v 25 2
v 26 3
v 27 3
v 28 1
e 0 1 7
e 1 2 7
e 2 3 7
e 3 4 7
e 4 5 7
e 5 0 7
e 0 6 1
e 1 7 1
e 5 8 1
e 2 9 7
e 9 10 7
e 10 11 7
e 11 12 7
e 12 3 7
e 9 13 1
e 10 14 1
e 12 15 7
e 15 16 7
e 16 17 7
e 17 4 7
e 16 18 1
e 17 19 1
e 11 20 7
e 20 21 7
e 21 22 7
e 22 15 7
e 21 23 1
e 22 24 1
e 20 25 1
e 25 26 2
e 25 27 2
e 24 28 1

t # 0 1 d82
v 0 0
v 1 0
v 2 0
v 3 0
v 4 0
v 5 0
v 6 1
v 7 1
v 8 0
v 9 0
v 10 0
v 11 0
v 12 1
v 13 0
v 14 0
v 15 0
v 16 0
v 17 0
v 18 0
v 19 1
v 20 1
v 21 1
v 22 1
v 23 2
v 24 2
v 25 2
v 26 3
v 27 3
v 28 3
v 29 3
v 30 3
v 31 3
e 0 1 7
e 1 2 7
e 2 3 7
e 3 4 7
e 4 5 7
e 5 0 7
e 0 6 1
e 5 7 1
e 2 8 7
e 8 9 7
e 9 10 7
e 10 11 7
e 11 3 7
e 8 12 1
e 13 14 7
e 14 15 7
e 15 16 7
e 16 17 7
e 17 18 7
e 18 13 7
e 15 19 1
e 16 20 1
e 17 21 1
e 18 22 1
e 13 4 1
e 14 11 1
e 10 23 1
e 9 24 1
e 1 25 1
e 23 26 2
e 23 27 2
e 28 24 2
e 24 29 2
e 25 30 2
e 25 31 2

t # 0 1 d109
v 0 0
v 1 0
v 2 0
v 3 0
v 4 0
v 5 0
v 6 0
v 7 0
v 8 0
v 9 0
v 10 0
v 11 0
v 12 0
v 13 0
v 14 0
v 15 0
v 16 0
v 17 0
v 18 0
v 19 0
v 20 0
v 21 0
v 22 2
v 23 2
v 24 3
v 25 3
v 26 3
v 27 3
v 28 1
v 29 1
v 30 1
v 31 1
v 32 1
v 33 1
v 34 1
v 35 1
v 36 1
v 37 1
e 0 1 7
e 1 2 7
e 2 3 7
e 3 4 7
e 4 5 7
e 5 0 7
e 3 6 1
e 6 7 7
e 7 8 7
e 8 9 7
e 9 4 7
e 7 10 7
e 10 11 7
e 11 12 7
e 12 13 7
e 13 8 7
e 9 14 7
e 14 15 7
e 15 16 7
e 16 5 7
e 13 17 7
e 17 18 7
e 18 14 7
e 6 19 7
e 19 20 7
e 20 21 7
e 21 10 7
e 21 22 1
e 0 23 1
e 22 24 2
e 22 25 2
e 23 26 2
e 23 27 2
e 1 28 1
e 2 29 1
e 11 30 1
e 12 31 1
e 15 32 1
e 16 33 1
e 17 34 1
e 18 35 1
e 19 36 1
e 20 37 1

t # 0 1 d91
v 0 0
v 1 0
v 2 0
v 3 0
v 4 0
v 5 0
v 6 0
v 7 0
v 8 0
v 9 0
v 10 0
v 11 0
v 12 0
v 13 0
v 14 0
v 15 0
v 16 0
v 17 0
v 18 0
v 19 0
v 20 2
v 21 3
v 22 3
v 23 1
v 24 1
v 25 1
v 26 1
v 27 1
v 28 1
v 29 1
v 30 1
v 31 1
v 32 1
v 33 1
v 34 3
v 35 1
v 36 3
v 37 1
v 38 1
v 39 1
e 0 1 1
e 1 2 1
e 2 3 7
e 3 4 1
e 4 5 1
e 5 0 1
e 2 6 7
e 6 7 7
e 7 8 7
e 8 9 7
e 9 3 7
e 7 10 7
e 10 11 7
e 11 12 7
e 12 13 7
e 13 8 7
e 13 14 7
e 14 15 7
e 15 16 7
e 16 9 7
e 12 17 7
e 17 18 7
e 18 19 7
e 19 14 7
e 17 20 1
e 20 21 2
e 20 22 2
e 4 23 1
e 4 24 1
e 5 25 1
e 5 26 1
e 6 27 1
e 10 28 1
e 11 29 1
e 15 30 1
e 16 31 1
e 18 32 1
e 19 33 1
e 0 34 4
e 0 35 1
e 1 36 5
e 1 37 1
e 34 38 1
e 36 39 1

t # 0 1 d122
v 0 0
v 1 0
v 2 0
v 3 0
v 4 0
v 5 0
v 6 1
v 7 1
v 8 1
v 9 1
v 10 0
v 11 0
v 12 0
v 13 0
v 14 1
v 15 0
v 16 0
v 17 0
v 18 0
v 19 1
v 20 1
v 21 0
v 22 0
v 23 0
v 24 0
v 25 1
v 26 1
v 27 1
v 28 1
v 29 2
v 30 3
v 31 3
e 0 1 7
e 1 2 7
e 2 3 7
e 3 4 7
e 4 5 7
e 5 0 7
e 0 6 1
e 1 7 1
e 4 8 1
e 5 9 1
e 2 10 7
e 10 11 7
e 11 12 7
e 12 13 7
e 13 3 7
e 11 14 1
e 12 15 7
e 15 16 7
e 16 17 7
e 17 18 7
e 18 13 7
e 17 19 1
e 18 20 1
e 15 21 7
e 21 22 7
e 22 23 7
e 23 24 7
e 24 16 7
e 21 25 1
e 22 26 1
e 23 27 1
e 24 28 1
e 10 29 1
e 29 30 2
e 29 31 2

t # 0 1 d162
v 0 0
v 1 0
v 2 0
v 3 0
v 4 0
v 5 0
v 6 1
v 7 1
v 8 1
v 9 0
v 10 0
v 11 0
v 12 0
v 13 0
v 14 0
v 15 1
v 16 1
v 17 1
v 18 2
v 19 2
v 20 2
v 21 2
v 22 3
v 23 3
v 24 3
v 25 3
v 26 3
v 27 3
v 28 3
v 29 3
e 0 1 7
e 1 2 7
e 2 3 7
e 3 4 7
e 4 5 7
e 5 0 7
e 1 6 1
e 2 7 1
e 4 8 1
e 9 10 7
e 10 11 7
e 11 12 7
e 12 13 7
e 13 14 7
e 14 9 7
e 10 15 1
e 11 16 1
e 14 17 1
e 3 9 1
e 13 18 1
e 12 19 1
e 5 20 1
e 0 21 1
e 21 22 2
e 21 23 2
e 20 24 2
e 20 25 2
e 18 26 2
e 18 27 2
e 19 28 2
e 19 29 2

t # 0 1 d54
v 0 0
v 1 0
v 2 0
v 3 0
v 4 0
v 5 0
v 6 1
v 7 1
v 8 1
v 9 0
v 10 0
v 11 0
v 12 0
v 13 0
v 14 0
v 15 1
v 16 1
v 17 3
v 18 3
v 19 2
v 20 3
v 21 3
v 22 5
v 23 5
e 0 1 7
e 1 2 7
e 2 3 7
e 3 4 7
e 4 5 7
e 5 0 7
e 1 6 1
e 4 7 1
e 5 8 1
e 9 10 7
e 10 11 7
e 11 12 7
e 12 13 7
e 13 14 7
e 14 9 7
e 10 15 1
e 13 16 1
e 2 17 1
e 17 9 1
e 14 18 1
e 18 3 1
e 0 19 1
e 20 19 2
e 19 21 2
e 12 22 1
e 11 23 1

t # 0 1 d169
v 0 0
v 1 0
v 2 0
v 3 0
v 4 0
v 5 0
v 6 1
v 7 1
v 8 1
v 9 4
v 10 2
v 11 2
v 12 3
v 13 3
v 14 3
v 15 3
e 0 1 7
e 1 2 7
e 2 3 7
e 3 4 7
e 4 5 7
e 5 0 7
e 0 6 1
e 2 7 1
e 5 8 1
e 4 9 1
e 3 10 1
e 1 11 1
e 10 12 2
e 10 13 2
e 11 14 2
e 11 15 2

t # 0 1 d41
v 0 0
v 1 0
v 2 0
v 3 0
v 4 0
v 5 0
v 6 1
v 7 1
v 8 1
v 9 0
v 10 0
v 11 0
v 12 0
v 13 0
v 14 0
v 15 1
v 16 1
v 17 1
v 18 0
v 19 1
v 20 1
v 21 6
v 22 2
v 23 3
v 24 3
e 0 1 7
e 1 2 7
e 2 3 7
e 3 4 7
e 4 5 7
e 5 0 7
e 1 6 1
e 4 7 1
e 5 8 1
e 9 10 7
e 10 11 7
e 11 12 7
e 12 13 7
e 13 14 7
e 14 9 7
e 10 15 1
e 12 16 1
e 13 17 1
e 3 14 1
e 2 18 1
e 9 18 1
e 18 19 1
e 18 20 1
e 11 21 1
e 0 22 1
e 23 22 2
e 22 24 2

t # 0 1 d171
v 0 0
v 1 0
v 2 0
v 3 0
v 4 0
v 5 0
v 6 1
v 7 1
v 8 1
v 9 0
v 10 0
v 11 0
v 12 0
v 13 0
v 14 0
v 15 1
v 16 1
v 17 1
v 18 2
v 19 2
v 20 2
v 21 2
v 22 3
v 23 3
v 24 3
v 25 3
v 26 3
v 27 3
v 28 3
v 29 3
e 0 1 7
e 1 2 7
e 2 3 7
e 3 4 7
e 4 5 7
e 5 0 7
e 1 6 1
e 2 7 1
e 5 8 1
e 9 10 7
e 10 11 7
e 11 12 7
e 12 13 7
e 13 14 7
e 14 9 7
e 10 15 1
e 11 16 1
e 13 17 1
e 3 9 1
e 14 18 1
e 12 19 1
e 4 20 1
e 0 21 1
e 21 22 2
e 21 23 2
e 20 24 2
e 20 25 2
e 18 26 2
e 18 27 2
e 19 28 2
e 19 29 2

t # 0 1 d30
v 0 0
v 1 0
v 2 0
v 3 0
v 4 0
v 5 0
v 6 0
v 7 0
v 8 0
v 9 0
v 10 0
v 11 0
v 12 0
v 13 0
v 14 0
v 15 0
v 16 0
v 17 0
v 18 0
v 19 0
v 20 1
v 21 1
v 22 1
v 23 1
v 24 1
v 25 1
v 26 1
v 27 1
v 28 1
v 29 1
v 30 1
v 31 2
v 32 3
v 33 3
e 0 1 7
e 1 2 7
e 2 3 7
e 3 4 7
e 4 5 7
e 5 0 7
e 2 6 7
e 6 7 7
e 7 8 7
e 8 9 7
e 9 3 7
e 6 10 7
e 10 11 7
e 11 12 7
e 12 13 7
e 13 7 7
e 11 14 7
e 14 15 7
e 15 16 7
e 16 17 7
e 17 12 7
e 18 4 7
e 18 19 7
e 19 9 7
e 0 20 1
e 1 21 1
e 5 22 1
e 8 23 1
e 10 24 1
e 13 25 1
e 14 26 1
e 15 27 1
e 16 28 1
e 17 29 1
e 19 30 1
e 31 18 1
e 32 31 2
e 33 31 2

t # 0 -1 d129
v 0 0
v 1 0
v 2 0
v 3 0
v 4 0
v 5 0
v 6 1
v 7 1
v 8 1
v 9 2
v 10 2
v 11 1
v 12 1
v 13 1
v 14 2
v 15 2
v 16 3
v 17 3
v 18 3
v 19 3
e 0 1 7
e 1 2 7
e 2 3 7
e 3 4 7
e 4 5 7
e 5 0 7
e 0 6 1
e 2 7 1
e 5 8 1
e 4 9 1
e 9 10 1
e 9 11 1
e 10 12 1
e 10 13 1
e 3 14 1
e 1 15 1
e 14 16 2
e 14 17 2
e 15 18 2
e 15 19 2

t # 0 -1 d9
v 0 0
v 1 0
v 2 0
v 3 0
v 4 0
v 5 0
v 6 2
v 7 0
v 8 2
v 9 2
v 10 3
v 11 3
v 12 1
v 13 1
v 14 1
v 15 1
v 16 1
e 0 1 7
e 1 2 7
e 2 3 7
e 3 4 7
e 4 5 7
e 5 0 7
e 3 6 7
e 6 7 7
e 7 8 7
e 8 2 7
e 5 9 1
e 9 10 2
e 11 9 2
e 0 12 1
e 1 13 1
e 4 14 1
e 7 15 1
e 8 16 1

t # 0 -1 d141
v 0 0
v 1 0
v 2 0
v 3 0
v 4 0
v 5 0
v 6 1
v 7 1
v 8 1
v 9 2
v 10 5
v 11 5
v 12 3
v 13 3
e 0 1 7
e 1 2 7
e 2 3 7
e 3 4 7
e 4 5 7
e 5 0 7
e 0 6 1
e 1 7 1
e 5 8 1
e 4 9 1
e 3 10 1
e 2 11 1
e 9 12 2
e 9 13 2

t # 0 -1 d5
v 0 0
v 1 0
v 2 0
v 3 0
v 4 0
v 5 0
v 6 1
v 7 1
v 8 1
v 9 2
v 10 4
v 11 4
v 12 3
v 13 3
e 0 1 7
e 1 2 7
e 2 3 7
e 3 4 7
e 4 5 7
e 5 0 7
e 1 6 1
e 2 7 1
e 5 8 1
e 9 4 1
e 10 3 1
e 11 0 1
e 9 12 2
e 9 13 2

t # 0 -1 d182
v 0 0
v 1 0
v 2 0
v 3 0
v 4 0
v 5 0
v 6 1
v 7 1
v 8 1
v 9 2
v 10 0
v 11 0
v 12 0
v 13 1
v 14 1
v 15 0
v 16 1
v 17 1
v 18 1
v 19 2
v 20 3
v 21 3
e 0 1 7
e 1 2 7
e 2 3 7
e 3 4 7
e 4 5 7
e 5 0 7
e 0 6 1
e 4 7 1
e 5 8 1
e 2 9 7
e 9 10 7
e 10 11 7
e 11 12 7
e 12 3 7
e 11 13 1
e 12 14 1
e 10 15 1
e 15 16 1
e 15 17 1
e 15 18 1
e 1 19 1
e 19 20 2
e 19 21 2

t # 0 -1 d76
v 0 0
v 1 0
v 2 0
v 3 0
v 4 0
v 5 0
v 6 1
v 7 1
v 8 1
v 9 1
v 10 2
v 11 5
v 12 3
v 13 3
e 0 1 7
e 1 2 7
e 2 3 7
e 3 4 7
e 4 5 7
e 5 0 7
e 0 6 1
e 1 7 1
e 2 8 1
e 5 9 1
e 10 4 1
e 3 11 1
e 12 10 2
e 10 13 2

