t # 0 1 d83
v 0 0
v 1 0
v 2 0
v 3 0
v 4 0
v 5 0
v 6 0
v 7 0
v 8 0
v 9 0
v 10 0
v 11 0
v 12 2
v 13 2
v 14 3
v 15 3
v 16 1
v 17 1
v 18 1
v 19 1
v 20 1
v 21 1
v 22 1
v 23 1
e 0 1 7
e 1 2 7
e 2 3 7
e 3 4 7
e 4 5 7
e 5 0 7
e 6 7 7
e 7 8 7
e 8 9 7
e 9 10 7
e 10 11 7
e 11 6 7
e 3 11 7
e 2 12 7
e 12 6 7
e 8 13 1
e 14 13 2
e 13 15 2
e 0 16 1
e 1 17 1
e 4 18 1
e 5 19 1
e 7 20 1
e 9 21 1
e 10 22 1
e 12 23 1

t # 0 1 d22
v 0 0
v 1 0
v 2 0
v 3 0
v 4 0
v 5 0
v 6 0
v 7 0
v 8 0
v 9 0
v 10 0
v 11 0
v 12 0
v 13 7
v 14 2
v 15 3
v 16 3
v 17 1
v 18 1
v 19 1
v 20 1
v 21 1
v 22 1
v 23 1
v 24 1
e 0 1 7
e 1 2 7
e 2 3 7
e 3 4 7
e 4 5 7
e 5 0 7
e 6 7 7
e 7 8 7
e 8 9 7
e 9 10 7
e 10 11 7
e 11 6 7
e 3 11 1
e 2 12 1
e 12 6 1
e 8 13 1
e 0 14 1
e 14 15 2
e 14 16 2
e 1 17 1
e 4 18 1
e 5 19 1
e 7 20 1
e 9 21 1
e 10 22 1
e 12 23 1
e 12 24 1

t # 0 1 d29
v 0 0
v 1 0
v 2 0
v 3 0
v 4 0
v 5 0
v 6 0
v 7 0
v 8 0
v 9 0
v 10 0
v 11 0
v 12 0
v 13 2
v 14 3
v 15 3
v 16 2
v 17 3
v 18 3
v 19 2
v 20 3
v 21 3
v 22 4
v 23 1
v 24 1
v 25 1
v 26 1
v 27 1
v 28 1
e 0 1 7
e 1 2 7
e 2 3 7
e 3 4 7
e 4 5 7
e 5 0 7
e 6 7 7
e 7 8 7
e 8 9 7
e 9 10 7
e 10 11 7
e 11 6 7
e 3 11 1
e 2 12 1
e 12 6 1
e 0 13 1
e 13 14 2
e 13 15 2
e 8 16 1
e 17 16 2
e 18 16 2
e 19 10 1
e 20 19 2
e 21 19 2
e 12 22 1
e 1 23 1
e 4 24 1
e 5 25 1
e 7 26 1
e 9 27 1
e 12 28 1

t # 0 1 d152
v 0 0
v 1 0
v 2 0
v 3 0
v 4 0
v 5 0
v 6 1
v 7 1
v 8 0
v 9 0
v 10 0
v 11 0
v 12 1
v 13 1
v 14 0
v 15 0
v 16 0
v 17 0
v 18 0
v 19 0
v 20 1
v 21 1
v 22 1
v 23 1
v 24 2
v 25 2
v 26 3
v 27 3
v 28 3
v 29 3
e 0 1 7
e 1 2 7
e 2 3 7
e 3 4 7
e 4 5 7
e 5 0 7
e 1 6 1
e 5 7 1
e 2 8 7
e 8 9 7
e 9 10 7
e 10 11 7
e 11 3 7
e 8 12 1
e 10 13 1
e 14 15 7
e 15 16 7
e 16 17 7
e 17 18 7
e 18 19 7
e 19 14 7
e 16 20 1
e 17 21 1
e 18 22 1
e 19 23 1
e 14 4 1
e 15 11 1
e 9 24 1
e 0 25 1
e 25 26 2
e 25 27 2
e 24 28 2
e 24 29 2

t # 0 1 d157
v 0 0
v 1 0
v 2 0
v 3 0
v 4 0
v 5 0
v 6 0
v 7 0
v 8 0
v 9 0
v 10 0
v 11 0
v 12 0
v 13 0
v 14 0
v 15 0
v 16 1
v 17 1
v 18 1
v 19 1
v 20 1
v 21 1
v 22 1
v 23 1
v 24 1
v 25 1
v 26 2
v 27 3
v 28 3
e 0 1 1
e 1 2 1
e 2 3 7
e 3 4 7
e 4 5 1
e 5 0 2
e 2 6 7
e 6 7 7
e 7 8 7
e 8 9 7
e 9 3 7
e 9 10 7
e 10 11 7
e 11 12 7
e 12 4 7
e 8 13 7
e 13 14 7
e 14 15 7
e 15 10 7
e 6 16 1
e 7 17 1
e 11 18 1
e 12 19 1
e 13 20 1
e 14 21 1
e 1 22 1
e 1 23 1
e 5 24 1
e 0 25 1
e 15 26 1
e 26 27 2
e 26 28 2

t # 0 1 d31
v 0 0
v 1 0
v 2 0
v 3 0
v 4 0
v 5 0
v 6 1
v 7 1
v 8 1
v 9 0
v 10 0
v 11 0
v 12 0
v 13 1
v 14 0
v 15 0
v 16 0
v 17 0
v 18 0
v 19 0
v 20 1
v 21 1
v 22 1
v 23 2
v 24 2
v 25 3
v 26 3
v 27 3
v 28 3
v 29 1
e 0 1 7
e 1 2 7
e 2 3 7
e 3 4 7
e 4 5 7
e 5 0 7
e 0 6 1
e 1 7 1
e 5 8 1
e 2 9 7
e 9 10 7
e 10 11 7
e 11 12 7
e 12 3 7
e 9 13 1
e 14 15 7
e 15 16 7
e 16 17 7
e 17 18 7
e 18 19 7
e 19 14 7
e 17 20 1
e 18 21 1
e 19 22 1
e 14 4 1
e 11 23 1
e 10 24 1
e 25 23 2
e 23 26 2
e 24 27 2
e 24 28 2
e 16 29 1
e 15 12 1

t # 0 1 d87
v 0 0
v 1 0
v 2 0
v 3 0
v 4 0
v 5 0
v 6 0
v 7 0
v 8 0
v 9 0
v 10 0
v 11 0
v 12 3
v 13 2
v 14 3
v 15 3
v 16 1
v 17 1
v 18 1
v 19 1
v 20 1
v 21 1
v 22 1
e 0 1 7
e 1 2 7
e 2 3 7
e 3 4 7
e 4 5 7
e 5 0 7
e 6 7 7
e 7 8 7
e 8 9 7
e 9 10 7
e 10 11 7
e 11 6 7
e 3 11 7
e 2 12 7
e 12 6 7
e 8 13 1
e 13 14 2
e 13 15 2
e 0 16 1
e 1 17 1
e 4 18 1
e 5 19 1
e 7 20 1
e 9 21 1
e 10 22 1

t # 0 1 d37
v 0 0
v 1 0
v 2 0
v 3 0
v 4 0
v 5 0
v 6 1
v 7 1
v 8 1
v 9 1
v 10 0
v 11 0
v 12 1
v 13 1
v 14 0
v 15 1
v 16 1
v 17 0
v 18 0
v 19 0
v 20 0
v 21 0
v 22 1
v 23 1
v 24 1
v 25 1
v 26 1
v 27 2
v 28 3
v 29 3
e 0 1 7
e 1 2 7
e 2 3 7
e 3 4 7
e 4 5 7
e 5 0 7
e 1 6 1
e 2 7 1
e 4 8 1
e 5 9 1
e 3 10 1
e 10 11 1
e 10 12 1
e 10 13 1
e 11 14 1
e 11 15 1
e 11 16 1
e 14 17 7
e 17 18 7
e 18 19 7
e 19 20 7
e 20 21 7
e 21 14 7
e 17 22 1
e 18 23 1
e 19 24 1
e 20 25 1
e 21 26 1
e 0 27 1
e 28 27 2
e 27 29 2

t # 0 1 d11
v 0 0
v 1 0
v 2 0
v 3 0
v 4 0
v 5 0
v 6 1
v 7 1
v 8 1
v 9 1
v 10 0
v 11 0
v 12 0
v 13 0
v 14 1
v 15 0
v 16 0
v 17 0
v 18 0
v 19 1
v 20 1
v 21 1
v 22 1
v 23 2
v 24 3
v 25 3
e 0 1 7
e 1 2 7
e 2 3 7
e 3 4 7
e 4 5 7
e 5 0 7
e 0 6 1
e 1 7 1
e 2 8 1
e 5 9 1
e 3 10 7
e 10 11 7
e 11 12 7
e 12 13 7
e 13 4 7
e 12 14 1
e 10 15 7
e 15 16 7
e 16 17 7
e 17 18 7
e 18 11 7
e 15 19 1
e 16 20 1
e 18 21 1
e 17 22 1
e 23 13 1
e 24 23 2
e 25 23 2

t # 0 1 d58
v 0 0
v 1 0
v 2 0
v 3 0
v 4 0
v 5 0
v 6 0
v 7 0
v 8 0
v 9 0
v 10 0
v 11 0
v 12 0
v 13 0
v 14 0
v 15 0
v 16 2
v 17 3
v 18 3
v 19 1
v 20 1
v 21 1
v 22 1
v 23 1
v 24 1
v 25 1
v 26 3
v 27 3
v 28 1
v 29 1
v 30 1
v 31 1
e 0 1 7
e 1 2 7
e 2 3 7
e 3 4 7
e 4 5 7
e 5 0 7
e 2 6 7
e 6 7 7
e 7 8 7
e 8 9 7
e 9 3 7
e 9 10 7
e 10 11 1
e 11 12 1
e 12 4 1
e 8 13 7
e 13 14 7
e 14 15 7
e 15 10 7
e 13 16 1
e 16 17 2
e 16 18 2
e 0 19 1
e 1 20 1
e 5 21 1
e 6 22 1
e 7 23 1
e 14 24 1
e 15 25 1
e 11 26 4
e 12 27 5
e 26 28 1
e 27 29 1
e 11 30 1
e 12 31 1

t # 0 1 d74
v 0 0
v 1 0
v 2 0
v 3 0
v 4 0
v 5 0
v 6 1
v 7 1
v 8 1
v 9 0
v 10 0
v 11 0
v 12 0
v 13 1
v 14 1
v 15 1
v 16 0
v 17 0
v 18 0
v 19 0
v 20 0
v 21 0
v 22 1
v 23 1
v 24 0
v 25 0
v 26 0
v 27 0
v 28 1
v 29 1
v 30 1
v 31 2
v 32 3
v 33 3
e 0 1 7
e 1 2 7
e 2 3 7
e 3 4 7
e 4 5 7
e 5 0 7
e 0 6 1
e 1 7 1
e 5 8 1
e 2 9 7
e 9 10 7
e 10 11 7
e 11 12 7
e 12 3 7
e 9 13 1
e 10 14 1
e 11 15 1
e 16 17 7
e 17 18 7
e 18 19 7
e 19 20 7
e 20 21 7
e 21 16 7
e 18 22 1
e 21 23 1
e 19 24 7
e 24 25 7
e 25 26 7
e 26 27 7
e 27 20 7
e 24 28 1
e 26 29 1
e 27 30 1
e 16 4 1
e 17 12 1
e 25 31 1
e 32 31 2
e 31 33 2

t # 0 1 d59
v 0 0
v 1 0
v 2 0
v 3 0
v 4 0
v 5 0
v 6 0
v 7 0
v 8 0
v 9 0
v 10 0
v 11 0
v 12 0
v 13 0
v 14 0
v 15 0
v 16 0
v 17 0
v 18 0
v 19 0
v 20 1
v 21 1
v 22 1
v 23 1
v 24 1
v 25 1
v 26 1
v 27 1
v 28 1
v 29 1
v 30 1
v 31 2
v 32 3
v 33 3
e 0 1 7
e 1 2 7
e 2 3 7
e 3 4 7
e 4 5 7
e 5 0 7
e 1 6 7
e 6 7 7
e 7 8 7
e 8 9 7
e 9 2 7
e 8 10 7
e 10 11 7
e 11 12 7
e 12 13 7
e 13 9 7
e 11 14 7
e 14 15 7
e 15 16 7
e 16 17 7
e 17 12 7
e 18 13 7
e 18 19 7
e 19 17 7
e 0 20 1
e 3 21 1
e 4 22 1
e 5 23 1
e 6 24 1
e 7 25 1
e 10 26 1
e 14 27 1
e 15 28 1
e 16 29 1
e 18 30 1
e 31 19 1
e 32 31 2
e 31 33 2

t # 0 -1 d2
v 0 0
v 1 0
v 2 0
v 3 0
v 4 0
v 5 0
v 6 1
v 7 1
v 8 1
v 9 2
v 10 0
v 11 0
v 12 0
v 13 1
v 14 1
v 15 1
v 16 2
v 17 3
v 18 3
e 0 1 7
e 1 2 7
e 2 3 7
e 3 4 7
e 4 5 7
e 5 0 7
e 0 6 1
e 4 7 1
e 5 8 1
e 2 9 7
e 9 10 7
e 10 11 7
e 11 12 7
e 12 3 7
e 10 13 1
e 11 14 1
e 12 15 1
e 16 1 1
e 16 17 2
e 16 18 2

t # 0 -1 d39
v 0 0
v 1 0
v 2 0
v 3 0
v 4 0
v 5 0
v 6 1
v 7 1
v 8 2
v 9 0
v 10 0
v 11 0
v 12 1
v 13 1
v 14 1
v 15 2
v 16 3
v 17 3
v 18 3
v 19 0
v 20 1
v 21 1
v 22 1
e 0 1 7
e 1 2 7
e 2 3 7
e 3 4 7
e 4 5 7
e 5 0 7
e 0 6 1
e 4 7 1
e 2 8 7
e 8 9 7
e 9 10 7
e 10 11 7
e 11 3 7
e 9 12 1
e 10 13 1
e 11 14 1
e 1 15 1
e 15 16 2
e 15 17 2
e 5 18 1
e 18 19 1
e 19 20 1
e 19 21 1
e 19 22 1

t # 0 -1 d186
v 0 0
v 1 0
v 2 0
v 3 0
v 4 0
v 5 0
v 6 1
v 7 1
v 8 1
v 9 2
v 10 0
v 11 0
v 12 1
v 13 1
v 14 1
v 15 1
v 16 1
v 17 2
v 18 3
v 19 3
e 0 1 7
e 1 2 7
e 2 3 7
e 3 4 7
e 4 5 7
e 5 0 7
e 0 6 1
e 1 7 1
e 4 8 1
e 2 9 1
e 9 10 1
e 3 11 1
e 11 10 1
e 11 12 1
e 11 13 1
e 10 14 1
e 10 15 1
e 9 16 1
e 5 17 1
e 17 18 2
e 17 19 2

t # 0 -1 d55
v 0 0
v 1 0
v 2 0
v 3 0
v 4 0
v 5 0
v 6 1
v 7 1
v 8 1
v 9 1
v 10 0
v 11 0
v 12 0
v 13 0
v 14 1
v 15 1
v 16 0
v 17 1
v 18 1
v 19 1
v 20 2
v 21 3
v 22 3
e 0 1 7
e 1 2 7
e 2 3 7
e 3 4 7
e 4 5 7
e 5 0 7
e 0 6 1
e 1 7 1
e 4 8 1
e 5 9 1
e 2 10 7
e 10 11 7
e 11 12 7
e 12 13 7
e 13 3 7
e 10 14 1
e 11 15 1
e 16 13 1
e 16 17 1
e 16 18 1
e 16 19 1
e 12 20 1
e 21 20 2
e 20 22 2

t # 0 -1 d89
v 0 0
v 1 0
v 2 0
v 3 0
v 4 0
v 5 0
v 6 2
v 7 2
v 8 0
v 9 0
v 10 2
v 11 3
v 12 3
v 13 1
v 14 1
v 15 1
v 16 1
v 17 1
v 18 1
v 19 1
e 0 1 7
e 1 2 7
e 2 3 7
e 3 4 7
e 4 5 7
e 5 0 7
e 2 6 7
e 6 7 7
e 3 8 7
e 8 7 7
e 6 9 1
e 1 10 1
e 10 11 2
e 10 12 2
e 0 13 1
e 4 14 1
e 5 15 1
e 8 16 1
e 9 17 1
e 9 18 1
e 9 19 1

t # 0 -1 d133
v 0 0
v 1 0
v 2 0
v 3 0
v 4 0
v 5 0
v 6 1
v 7 1
v 8 3
v 9 0
v 10 0
v 11 3
v 12 0
v 13 0
v 14 0
v 15 0
v 16 1
v 17 2
v 18 5
v 19 5
v 20 5
v 21 5
v 22 3
v 23 3
e 0 1 7
e 1 2 7
e 2 3 7
e 3 4 7
e 4 5 7
e 5 0 7
e 1 6 1
e 4 7 1
e 2 8 1
e 8 9 1
e 9 10 7
e 10 11 1
e 11 3 1
e 9 12 7
e 12 13 7
e 13 14 7
e 14 15 7
e 15 10 7
e 12 16 1
e 14 17 1
e 15 18 1
e 13 19 1
e 0 20 1
e 5 21 1
e 17 22 2
e 17 23 2

t # 0 -1 d111
v 0 0
v 1 0
v 2 0
v 3 0
v 4 0
v 5 0
v 6 1
v 7 1
v 8 1
v 9 0
v 10 3
v 11 1
v 12 1
v 13 2
v 14 3
v 15 3
e 0 1 7
e 1 2 7
e 2 3 7
e 3 4 7
e 4 5 7
e 5 0 7
e 0 6 1
e 2 7 1
e 5 8 1
e 4 9 1
e 9 10 2
e 9 11 1
e 3 12 1
e 1 13 1
e 13 14 2
e 13 15 2

