t # 0 1 d10
v 0 0
v 1 0
v 2 0
v 3 0
v 4 0
v 5 0
v 6 0
v 7 0
v 8 0
v 9 0
v 10 0
v 11 0
v 12 0
v 13 2
v 14 3
v 15 3
v 16 0
v 17 1
v 18 1
v 19 1
v 20 1
v 21 1
v 22 1
v 23 1
v 24 1
v 25 1
v 26 1
v 27 1
e 0 1 7
e 1 2 7
e 2 3 7
e 3 4 7
e 4 5 7
e 5 0 7
e 6 7 7
e 7 8 7
e 8 9 7
e 9 10 7
e 10 11 7
e 11 6 7
e 3 11 1
e 2 12 1
e 12 6 1
e 0 13 1
e 13 14 2
e 13 15 2
e 8 16 1
e 1 17 1
e 4 18 1
e 5 19 1
e 7 20 1
e 9 21 1
e 10 22 1
e 16 23 1
e 16 24 1
e 16 25 1
e 12 26 1
e 12 27 1

t # 0 1 d52
v 0 0
v 1 0
v 2 0
v 3 0
v 4 0
v 5 0
v 6 0
v 7 0
v 8 0
v 9 0
v 10 0
v 11 0
v 12 0
v 13 0
v 14 0
v 15 0
v 16 0
v 17 0
v 18 0
v 19 0
v 20 2
v 21 3
v 22 3
v 23 2
v 24 3
v 25 3
v 26 1
v 27 1
v 28 1
v 29 1
v 30 1
v 31 1
v 32 1
v 33 1
v 34 1
v 35 1
v 36 1
v 37 1
v 38 1
v 39 1
e 0 1 7
e 1 2 7
e 2 3 7
e 3 4 7
e 4 5 7
e 5 0 7
e 2 6 7
e 6 7 7
e 7 8 7
e 8 9 7
e 9 3 7
e 9 10 7
e 10 11 7
e 11 12 7
e 12 4 7
e 8 13 7
e 13 14 7
e 14 15 7
e 15 10 7
e 11 16 1
e 16 17 1
e 17 18 1
e 18 19 1
e 19 12 1
e 20 15 1
e 21 20 2
e 20 22 2
e 13 23 1
e 24 23 2
e 23 25 2
e 0 26 1
e 1 27 1
e 5 28 1
e 6 29 1
e 7 30 1
e 14 31 1
e 16 32 1
e 16 33 1
e 17 34 1
e 17 35 1
e 18 36 1
e 18 37 1
e 19 38 1
e 19 39 1

t # 0 1 d163
v 0 0
v 1 0
v 2 0
v 3 0
v 4 0
v 5 0
v 6 1
v 7 1
v 8 0
v 9 0
v 10 0
v 11 0
v 12 1
v 13 1
v 14 0
v 15 0
v 16 0
v 17 1
v 18 1
v 19 0
v 20 0
v 21 0
v 22 1
v 23 1
v 24 2
v 25 2
v 26 3
v 27 3
v 28 3
v 29 3
e 0 1 7
e 1 2 7
e 2 3 7
e 3 4 7
e 4 5 7
e 5 0 7
e 1 6 1
e 5 7 1
e 2 8 7
e 8 9 7
e 9 10 7
e 10 11 7
e 11 3 7
e 8 12 1
e 9 13 1
e 11 14 7
e 14 15 7
e 15 16 7
e 16 4 7
e 15 17 1
e 16 18 1
e 10 19 7
e 19 20 7
e 20 21 7
e 21 14 7
e 19 22 1
e 21 23 1
e 20 24 1
e 0 25 1
e 24 26 2
e 24 27 2
e 25 28 2
e 25 29 2

t # 0 1 d24
v 0 0
v 1 0
v 2 0
v 3 0
v 4 0
v 5 0
v 6 1
v 7 1
v 8 0
v 9 0
v 10 0
v 11 0
v 12 1
v 13 1
v 14 0
v 15 0
v 16 0
v 17 0
v 18 1
v 19 1
v 20 0
v 21 0
v 22 0
v 23 0
v 24 1
v 25 0
v 26 0
v 27 0
v 28 0
v 29 1
v 30 1
v 31 0
v 32 0
v 33 1
v 34 1
v 35 2
v 36 3
v 37 3
e 0 1 7
e 1 2 7
e 2 3 7
e 3 4 7
e 4 5 7
e 5 0 7
e 0 6 1
e 1 7 1
e 2 8 7
e 8 9 7
e 9 10 7
e 10 11 7
e 11 3 7
e 8 12 1
e 9 13 1
e 10 14 7
e 14 15 7
e 15 16 7
e 16 17 7
e 17 11 7
e 14 18 1
e 15 19 1
e 16 20 7
e 20 21 7
e 21 22 7
e 22 23 7
e 23 17 7
e 20 24 1
e 22 25 7
e 25 26 7
e 26 27 7
e 27 28 7
e 28 23 7
e 25 29 1
e 26 30 1
e 4 28 7
e 27 31 7
e 31 32 7
e 32 5 7
e 31 33 1
e 32 34 1
e 35 21 1
e 35 36 2
e 35 37 2

t # 0 1 d23
v 0 0
v 1 0
v 2 0
v 3 0
v 4 0
v 5 0
v 6 0
v 7 0
v 8 0
v 9 0
v 10 0
v 11 0
v 12 0
v 13 0
v 14 0
v 15 0
v 16 0
v 17 0
v 18 0
v 19 0
v 20 1
v 21 1
v 22 1
v 23 1
v 24 1
v 25 1
v 26 1
v 27 1
v 28 1
v 29 1
v 30 1
v 31 2
v 32 3
v 33 3
e 0 1 7
e 1 2 7
e 2 3 7
e 3 4 7
e 4 5 7
e 5 0 7
e 3 6 7
e 6 7 7
e 7 8 7
e 8 9 7
e 9 4 7
e 6 10 7
e 10 11 7
e 11 12 7
e 12 13 7
e 13 7 7
e 11 14 7
e 14 15 7
e 15 16 7
e 16 17 7
e 17 12 7
e 18 13 7
e 18 19 7
e 19 17 7
e 0 20 1
e 1 21 1
e 2 22 1
e 5 23 1
e 8 24 1
e 9 25 1
e 10 26 1
e 14 27 1
e 15 28 1
e 16 29 1
e 18 30 1
e 31 19 1
e 32 31 2
e 31 33 2

t # 0 1 d97
v 0 0
v 1 0
v 2 0
v 3 0
v 4 0
v 5 0
v 6 1
v 7 1
v 8 1
v 9 0
v 10 0
v 11 0
v 12 0
v 13 0
v 14 0
v 15 1
v 16 1
v 17 1
v 18 0
v 19 1
v 20 1
v 21 0
v 22 1
v 23 1
v 24 1
v 25 2
v 26 3
v 27 3
e 0 1 7
e 1 2 7
e 2 3 7
e 3 4 7
e 4 5 7
e 5 0 7
e 1 6 1
e 4 7 1
e 5 8 1
e 9 10 7
e 10 11 7
e 11 12 7
e 12 13 7
e 13 14 7
e 14 9 7
e 10 15 1
e 12 16 1
e 13 17 1
e 3 14 1
e 2 18 1
e 18 9 1
e 18 19 1
e 18 20 1
e 11 21 1
e 21 22 1
e 21 23 1
e 21 24 1
e 0 25 1
e 25 26 2
e 25 27 2

t # 0 1 d158
v 0 0
v 1 0
v 2 0
v 3 0
v 4 0
v 5 0
v 6 1
v 7 1
v 8 1
v 9 0
v 10 0
v 11 0
v 12 0
v 13 0
v 14 0
v 15 1
v 16 1
v 17 1
v 18 0
v 19 1
v 20 1
v 21 2
v 22 3
v 23 3
v 24 2
v 25 0
v 26 0
v 27 1
v 28 3
v 29 1
v 30 1
v 31 1
e 0 1 7
e 1 2 7
e 2 3 7
e 3 4 7
e 4 5 7
e 5 0 7
e 1 6 1
e 4 7 1
e 5 8 1
e 9 10 7
e 10 11 7
e 11 12 7
e 12 13 7
e 13 14 7
e 14 9 7
e 10 15 1
e 12 16 1
e 13 17 1
e 3 14 1
e 2 18 1
e 18 9 1
e 18 19 1
e 18 20 1
e 0 21 1
e 22 21 2
e 21 23 2
e 11 24 1
e 24 25 1
e 25 26 1
e 24 27 1
e 25 28 2
e 26 29 1
e 26 30 1
e 26 31 1

t # 0 1 d86
v 0 0
v 1 0
v 2 0
v 3 0
v 4 0
v 5 0
v 6 0
v 7 0
v 8 0
v 9 0
v 10 0
v 11 0
v 12 0
v 13 0
v 14 0
v 15 0
v 16 0
v 17 0
v 18 0
v 19 0
v 20 1
v 21 1
v 22 1
v 23 1
v 24 1
v 25 1
v 26 1
v 27 1
v 28 1
v 29 1
v 30 1
v 31 2
v 32 3
v 33 3
e 0 1 7
e 1 2 7
e 2 3 7
e 3 4 7
e 4 5 7
e 5 0 7
e 3 6 7
e 6 7 7
e 7 8 7
e 8 9 7
e 9 4 7
e 6 10 7
e 10 11 7
e 11 12 7
e 12 13 7
e 13 7 7
e 11 14 7
e 14 15 7
e 15 16 7
e 16 17 7
e 17 12 7
e 18 8 7
e 18 19 7
e 19 13 7
e 0 20 1
e 1 21 1
e 2 22 1
e 5 23 1
e 10 24 1
e 14 25 1
e 15 26 1
e 16 27 1
e 17 28 1
e 19 29 1
e 18 30 1
e 31 9 1
e 32 31 2
e 31 33 2

t # 0 1 d173
v 0 0
v 1 0
v 2 0
v 3 0
v 4 0
v 5 0
v 6 1
v 7 1
v 8 1
v 9 0
v 10 0
v 11 0
v 12 0
v 13 0
v 14 0
v 15 1
v 16 1
v 17 1
v 18 1
v 19 2
v 20 2
v 21 2
v 22 3
v 23 3
v 24 3
v 25 3
v 26 3
v 27 3
e 0 1 7
e 1 2 7
e 2 3 7
e 3 4 7
e 4 5 7
e 5 0 7
e 1 6 1
e 2 7 1
e 5 8 1
e 9 10 7
e 10 11 7
e 11 12 7
e 12 13 7
e 13 14 7
e 14 9 7
e 10 15 1
e 11 16 1
e 13 17 1
e 14 18 1
e 12 0 1
e 4 19 1
e 3 20 1
e 9 21 1
e 21 22 2
e 21 23 2
e 19 24 2
e 19 25 2
e 20 26 2
e 20 27 2

t # 0 1 d137
v 0 0
v 1 0
v 2 0
v 3 0
v 4 0
v 5 0
v 6 1
v 7 1
v 8 1
v 9 0
v 10 0
v 11 0
v 12 0
v 13 1
v 14 0
v 15 0
v 16 0
v 17 0
v 18 0
v 19 0
v 20 1
v 21 1
v 22 1
v 23 1
v 24 2
v 25 2
v 26 3
v 27 3
v 28 3
v 29 3
e 0 1 7
e 1 2 7
e 2 3 7
e 3 4 7
e 4 5 7
e 5 0 7
e 0 6 1
e 1 7 1
e 5 8 1
e 2 9 7
e 9 10 7
e 10 11 7
e 11 12 7
e 12 3 7
e 11 13 1
e 14 15 7
e 15 16 7
e 16 17 7
e 17 18 7
e 18 19 7
e 19 14 7
e 16 20 1
e 17 21 1
e 18 22 1
e 19 23 1
e 14 4 1
e 15 12 1
e 10 24 1
e 9 25 1
e 24 26 2
e 24 27 2
e 25 28 2
e 25 29 2

t # 0 1 d93
v 0 0
v 1 0
v 2 0
v 3 0
v 4 0
v 5 0
v 6 1
v 7 1
v 8 1
v 9 0
v 10 0
v 11 0
v 12 0
v 13 1
v 14 1
v 15 0
v 16 0
v 17 0
v 18 0
v 19 0
v 20 0
v 21 1
v 22 1
v 23 0
v 24 0
v 25 0
v 26 0
v 27 1
v 28 1
v 29 1
v 30 1
v 31 2
v 32 3
v 33 3
e 0 1 7
e 1 2 7
e 2 3 7
e 3 4 7
e 4 5 7
e 5 0 7
e 0 6 1
e 1 7 1
e 5 8 1
e 2 9 7
e 9 10 7
e 10 11 7
e 11 12 7
e 12 3 7
e 9 13 1
e 10 14 1
e 12 15 7
e 15 16 7
e 16 17 7
e 17 4 7
e 11 18 7
e 18 19 7
e 19 20 7
e 20 15 7
e 19 21 1
e 20 22 1
e 16 23 7
e 23 24 7
e 24 25 7
e 25 26 7
e 26 17 7
e 23 27 1
e 24 28 1
e 25 29 1
e 26 30 1
e 18 31 1
e 31 32 2
e 31 33 2

t # 0 1 d32
v 0 0
v 1 0
v 2 0
v 3 0
v 4 0
v 5 0
v 6 1
v 7 1
v 8 1
v 9 0
v 10 0
v 11 0
v 12 0
v 13 0
v 14 0
v 15 1
v 16 1
v 17 1
v 18 2
v 19 2
v 20 2
v 21 2
v 22 3
v 23 3
v 24 3
v 25 3
v 26 3
v 27 3
v 28 3
v 29 3
e 0 1 7
e 1 2 7
e 2 3 7
e 3 4 7
e 4 5 7
e 5 0 7
e 1 6 1
e 2 7 1
e 4 8 1
e 9 10 7
e 10 11 7
e 11 12 7
e 12 13 7
e 13 14 7
e 14 9 7
e 10 15 1
e 11 16 1
e 13 17 1
e 9 3 1
e 18 14 1
e 12 19 1
e 5 20 1
e 0 21 1
e 22 18 2
e 18 23 2
e 24 19 2
e 19 25 2
e 26 21 2
e 21 27 2
e 28 20 2
e 20 29 2

t # 0 -1 d143
v 0 0
v 1 0
v 2 0
v 3 0
v 4 0
v 5 0
v 6 1
v 7 1
v 8 1
v 9 1
v 10 3
v 11 0
v 12 0
v 13 0
v 14 0
v 15 0
v 16 0
v 17 1
v 18 1
v 19 1
v 20 1
v 21 1
v 22 2
v 23 3
v 24 3
e 0 1 7
e 1 2 7
e 2 3 7
e 3 4 7
e 4 5 7
e 5 0 7
e 0 6 1
e 1 7 1
e 2 8 1
e 5 9 1
e 4 10 1
e 10 11 1
e 11 12 7
e 12 13 7
e 13 14 7
e 14 15 7
e 15 16 7
e 16 11 7
e 12 17 1
e 13 18 1
e 14 19 1
e 15 20 1
e 16 21 1
e 3 22 1
e 22 23 2
e 22 24 2

t # 0 -1 d160
v 0 0
v 1 0
v 2 0
v 3 0
v 4 0
v 5 0
v 6 1
v 7 1
v 8 2
v 9 1
v 10 1
v 11 6
v 12 2
v 13 2
v 14 3
v 15 3
v 16 3
v 17 3
e 0 1 7
e 1 2 7
e 2 3 7
e 3 4 7
e 4 5 7
e 5 0 7
e 0 6 1
e 2 7 1
e 4 8 1
e 8 9 1
e 8 10 1
e 3 11 1
e 1 12 1
e 5 13 1
e 13 14 2
e 13 15 2
e 12 16 2
e 12 17 2

t # 0 -1 d120
v 0 0
v 1 0
v 2 0
v 3 0
v 4 0
v 5 0
v 6 2
v 7 2
v 8 0
v 9 0
v 10 2
v 11 3
v 12 3
v 13 1
v 14 1
v 15 1
v 16 1
v 17 1
v 18 1
v 19 1
e 0 1 7
e 1 2 7
e 2 3 7
e 3 4 7
e 4 5 7
e 5 0 7
e 2 6 7
e 6 7 7
e 3 8 7
e 8 7 7
e 6 9 1
e 5 10 1
e 10 11 2
e 10 12 2
e 0 13 1
e 1 14 1
e 4 15 1
e 8 16 1
e 9 17 1
e 9 18 1
e 9 19 1

t # 0 -1 d17
v 0 0
v 1 0
v 2 0
v 3 0
v 4 0
v 5 0
v 6 1
v 7 1
v 8 1
v 9 2
v 10 3
v 11 3
v 12 2
v 13 2
v 14 1
v 15 1
v 16 1
v 17 1
e 0 1 7
e 1 2 7
e 2 3 7
e 3 4 7
e 4 5 7
e 5 0 7
e 0 6 1
e 1 7 1
e 5 8 1
e 3 9 1
e 10 9 2
e 9 11 2
e 12 4 1
e 2 13 1
e 12 14 1
e 12 15 1
e 13 16 1
e 13 17 1

t # 0 -1 d19
v 0 0
v 1 0
v 2 0
v 3 0
v 4 0
v 5 0
v 6 1
v 7 1
v 8 1
v 9 2
v 10 0
v 11 0
v 12 0
v 13 1
v 14 1
v 15 1
v 16 2
v 17 3
v 18 3
e 0 1 7
e 1 2 7
e 2 3 7
e 3 4 7
e 4 5 7
e 5 0 7
e 0 6 1
e 1 7 1
e 4 8 1
e 2 9 7
e 9 10 7
e 10 11 7
e 11 12 7
e 12 3 7
e 10 13 1
e 11 14 1
e 12 15 1
e 16 5 1
e 17 16 2
e 18 16 2

t # 0 -1 d132
v 0 0
v 1 0
v 2 0
v 3 0
v 4 0
v 5 0
v 6 1
v 7 1
v 8 1
v 9 1
v 10 0
v 11 3
v 12 1
v 13 2
v 14 3
v 15 3
e 0 1 7
e 1 2 7
e 2 3 7
e 3 4 7
e 4 5 7
e 5 0 7
e 0 6 1
e 1 7 1
e 2 8 1
e 5 9 1
e 4 10 1
e 10 11 2
e 10 12 1
e 3 13 1
e 13 14 2
e 13 15 2

t # 0 -1 d88
v 0 0
v 1 0
v 2 0
v 3 0
v 4 0
v 5 0
v 6 1
v 7 1
v 8 1
v 9 1
v 10 0
v 11 0
v 12 1
v 13 1
v 14 1
v 15 3
v 16 2
v 17 3
v 18 3
e 0 1 7
e 1 2 7
e 2 3 7
e 3 4 7
e 4 5 7
e 5 0 7
e 0 6 1
e 2 7 1
e 3 8 1
e 5 9 1
e 10 4 1
e 10 11 1
e 11 12 1
e 11 13 1
e 11 14 1
e 10 15 2
e 1 16 1
e 16 17 2
e 16 18 2

