t # 0 1 d92
v 0 0
v 1 0
v 2 0
v 3 0
v 4 0
v 5 0
v 6 0
v 7 0
v 8 0
v 9 0
v 10 0
v 11 0
v 12 0
v 13 0
v 14 0
v 15 0
v 16 2
v 17 3
v 18 3
v 19 1
v 20 1
v 21 1
v 22 1
v 23 1
v 24 1
v 25 1
v 26 1
v 27 1
v 28 1
v 29 1
v 30 1
v 31 1
e 0 1 7
e 1 2 7
e 2 3 7
e 3 4 7
e 4 5 7
e 5 0 7
e 2 6 1
e 6 7 1
e 7 8 1
e 8 9 7
e 9 3 1
e 9 10 7
e 10 11 1
e 11 12 1
e 12 4 1
e 8 13 7
e 13 14 7
e 14 15 7
e 15 10 7
e 14 16 1
e 16 17 2
e 16 18 2
e 0 19 1
e 1 20 1
e 5 21 1
e 13 22 1
e 15 23 1
e 12 24 1
e 12 25 1
e 11 26 1
e 11 27 1
e 7 28 1
e 7 29 1
e 6 30 1
e 6 31 1

t # 0 1 d149
v 0 0
v 1 0
v 2 0
v 3 0
v 4 0
v 5 0
v 6 1
v 7 1
v 8 1
v 9 2
v 10 0
v 11 0
v 12 2
v 13 0
v 14 0
v 15 0
v 16 0
v 17 1
v 18 1
v 19 1
v 20 1
v 21 1
v 22 2
v 23 2
v 24 3
v 25 3
v 26 3
v 27 3
e 0 1 7
e 1 2 7
e 2 3 7
e 3 4 7
e 4 5 7
e 5 0 7
e 1 6 1
e 4 7 1
e 5 8 1
e 2 9 1
e 9 10 1
e 10 11 7
e 11 12 1
e 12 3 1
e 10 13 7
e 13 14 7
e 14 15 7
e 15 16 7
e 16 11 7
e 13 17 1
e 14 18 1
e 16 19 1
e 12 20 1
e 9 21 1
e 15 22 1
e 0 23 1
e 22 24 2
e 22 25 2
e 23 26 2
e 23 27 2

t # 0 1 d4
v 0 0
v 1 0
v 2 0
v 3 0
v 4 0
v 5 0
v 6 0
v 7 0
v 8 0
v 9 0
v 10 0
v 11 0
v 12 0
v 13 0
v 14 0
v 15 0
v 16 2
v 17 3
v 18 3
v 19 1
v 20 1
v 21 1
v 22 1
v 23 1
v 24 1
v 25 1
v 26 1
v 27 1
e 0 1 7
e 1 2 7
e 2 3 7
e 3 4 7
e 4 5 7
e 5 0 7
e 2 6 7
e 6 7 7
e 7 8 7
e 8 9 7
e 9 3 7
e 10 11 7
e 11 12 7
e 12 13 7
e 13 14 7
e 14 15 7
e 15 10 7
e 11 4 1
e 12 9 1
e 16 8 1
e 16 17 2
e 16 18 2
e 0 19 1
e 1 20 1
e 5 21 1
e 6 22 1
e 7 23 1
e 10 24 1
e 13 25 1
e 14 26 1
e 15 27 1

t # 0 1 d102
v 0 0
v 1 0
v 2 0
v 3 0
v 4 0
v 5 0
v 6 1
v 7 1
v 8 0
v 9 0
v 10 0
v 11 0
v 12 0
v 13 0
v 14 1
v 15 1
v 16 0
v 17 3
v 18 2
v 19 2
v 20 2
v 21 2
v 22 3
v 23 3
v 24 3
v 25 3
v 26 3
v 27 3
v 28 3
v 29 3
e 0 1 7
e 1 2 7
e 2 3 7
e 3 4 7
e 4 5 7
e 5 0 7
e 1 6 1
e 5 7 1
e 8 9 7
e 9 10 7
e 10 11 7
e 11 12 7
e 12 13 7
e 13 8 7
e 9 14 1
e 11 15 1
e 3 13 1
e 2 16 1
e 16 8 1
e 16 17 2
e 10 18 1
e 12 19 1
e 4 20 1
e 0 21 1
e 21 22 2
e 21 23 2
e 20 24 2
e 20 25 2
e 19 26 2
e 19 27 2
e 18 28 2
e 18 29 2

t # 0 1 d140
v 0 0
v 1 0
v 2 0
v 3 0
v 4 0
v 5 0
v 6 1
v 7 1
v 8 1
v 9 0
v 10 0
v 11 0
v 12 0
v 13 1
v 14 1
v 15 1
v 16 2
v 17 2
v 18 3
v 19 3
v 20 3
v 21 3
e 0 1 7
e 1 2 7
e 2 3 7
e 3 4 7
e 4 5 7
e 5 0 7
e 0 6 1
e 1 7 1
e 5 8 1
e 2 9 7
e 9 10 7
e 10 11 7
e 11 12 7
e 12 3 7
e 9 13 1
e 10 14 1
e 11 15 1
e 12 16 1
e 4 17 1
e 17 18 2
e 17 19 2
e 16 20 2
e 16 21 2

t # 0 1 d1
v 0 0
v 1 0
v 2 0
v 3 0
v 4 0
v 5 0
v 6 1
v 7 1
v 8 1
v 9 1
v 10 0
v 11 0
v 12 0
v 13 0
v 14 1
v 15 1
v 16 0
v 17 0
v 18 0
v 19 0
v 20 1
v 21 1
v 22 1
v 23 2
v 24 3
v 25 3
e 0 1 7
e 1 2 7
e 2 3 7
e 3 4 7
e 4 5 7
e 5 0 7
e 0 6 1
e 1 7 1
e 2 8 1
e 5 9 1
e 3 10 7
e 10 11 7
e 11 12 7
e 12 13 7
e 13 4 7
e 12 14 1
e 13 15 1
e 10 16 7
e 16 17 7
e 17 18 7
e 18 19 7
e 19 11 7
e 16 20 1
e 17 21 1
e 19 22 1
e 23 18 1
e 23 24 2
e 23 25 2

t # 0 1 d161
v 0 0
v 1 0
v 2 0
v 3 0
v 4 0
v 5 0
v 6 1
v 7 1
v 8 0
v 9 0
v 10 0
v 11 0
v 12 1
v 13 1
v 14 0
v 15 0
v 16 0
v 17 0
v 18 0
v 19 0
v 20 1
v 21 1
v 22 0
v 23 0
v 24 0
v 25 0
v 26 1
v 27 1
v 28 1
v 29 1
v 30 2
v 31 2
v 32 3
v 33 3
v 34 3
v 35 3
e 0 1 7
e 1 2 7
e 2 3 7
e 3 4 7
e 4 5 7
e 5 0 7
e 0 6 1
e 5 7 1
e 2 8 7
e 8 9 7
e 9 10 7
e 10 11 7
e 11 3 7
e 8 12 1
e 9 13 1
e 11 14 7
e 14 15 7
e 15 16 7
e 16 4 7
e 10 17 7
e 17 18 7
e 18 19 7
e 19 14 7
e 17 20 1
e 18 21 1
e 15 22 7
e 22 23 7
e 23 24 7
e 24 25 7
e 25 16 7
e 22 26 1
e 23 27 1
e 24 28 1
e 25 29 1
e 19 30 1
e 1 31 1
e 30 32 2
e 30 33 2
e 31 34 2
e 31 35 2

t # 0 1 d125
v 0 0
v 1 0
v 2 0
v 3 0
v 4 0
v 5 0
v 6 0
v 7 0
v 8 0
v 9 0
v 10 0
v 11 0
v 12 0
v 13 0
v 14 0
v 15 0
v 16 2
v 17 1
v 18 1
v 19 1
v 20 1
v 21 1
v 22 1
v 23 1
v 24 1
v 25 1
v 26 1
v 27 1
v 28 3
v 29 3
e 0 1 7
e 1 2 7
e 2 3 7
e 3 4 7
e 4 5 7
e 5 0 7
e 2 6 1
e 6 7 1
e 7 8 1
e 8 9 7
e 9 3 7
e 9 10 7
e 10 11 7
e 11 12 7
e 12 4 7
e 8 13 7
e 13 14 7
e 14 15 7
e 15 10 7
e 14 16 1
e 0 17 1
e 1 18 1
e 5 19 1
e 11 20 1
e 12 21 1
e 13 22 1
e 15 23 1
e 6 24 1
e 6 25 1
e 7 26 1
e 7 27 1
e 16 28 2
e 16 29 2

t # 0 1 d71
v 0 0
v 1 0
v 2 0
v 3 0
v 4 0
v 5 0
v 6 0
v 7 0
v 8 0
v 9 0
v 10 0
v 11 0
v 12 0
v 13 0
v 14 0
v 15 0
v 16 0
v 17 0
v 18 0
v 19 0
v 20 2
v 21 2
v 22 3
v 23 3
v 24 3
v 25 3
v 26 1
v 27 1
v 28 1
v 29 1
v 30 1
v 31 1
v 32 1
v 33 1
v 34 1
v 35 1
v 36 1
v 37 1
v 38 1
v 39 1
e 0 1 7
e 1 2 7
e 2 3 7
e 3 4 7
e 4 5 7
e 5 0 7
e 2 6 7
e 6 7 7
e 7 8 7
e 8 9 7
e 9 3 7
e 9 10 7
e 10 11 7
e 11 12 7
e 12 4 7
e 8 13 7
e 13 14 7
e 14 15 7
e 15 10 7
e 11 16 1
e 16 17 1
e 17 18 1
e 18 19 1
e 19 12 1
e 20 15 1
e 5 21 1
e 22 20 2
e 20 23 2
e 21 24 2
e 25 21 2
e 0 26 1
e 1 27 1
e 6 28 1
e 7 29 1
e 13 30 1
e 14 31 1
e 17 32 1
e 17 33 1
e 16 34 1
e 16 35 1
e 19 36 1
e 19 37 1
e 18 38 1
e 18 39 1

t # 0 1 d67
v 0 0
v 1 0
v 2 0
v 3 0
v 4 0
v 5 0
v 6 1
v 7 1
v 8 1
v 9 0
v 10 0
v 11 0
v 12 0
v 13 1
v 14 0
v 15 0
v 16 0
v 17 0
v 18 0
v 19 0
v 20 1
v 21 1
v 22 1
v 23 2
v 24 3
v 25 3
v 26 3
v 27 1
v 28 1
e 0 1 7
e 1 2 7
e 2 3 7
e 3 4 7
e 4 5 7
e 5 0 7
e 0 6 1
e 1 7 1
e 5 8 1
e 2 9 7
e 9 10 7
e 10 11 7
e 11 12 7
e 12 3 7
e 9 13 1
e 14 15 7
e 15 16 7
e 16 17 7
e 17 18 7
e 18 19 7
e 19 14 7
e 17 20 1
e 18 21 1
e 19 22 1
e 14 4 1
e 11 23 1
e 10 24 1
e 25 23 2
e 23 26 2
e 24 27 1
e 16 28 1
e 12 15 1

t # 0 1 d13
v 0 0
v 1 0
v 2 0
v 3 0
v 4 0
v 5 0
v 6 0
v 7 0
v 8 0
v 9 0
v 10 0
v 11 0
v 12 0
v 13 0
v 14 0
v 15 0
v 16 2
v 17 2
v 18 3
v 19 3
v 20 3
v 21 3
v 22 1
v 23 1
v 24 1
v 25 1
v 26 1
v 27 1
v 28 1
v 29 1
e 0 1 7
e 1 2 7
e 2 3 7
e 3 4 7
e 4 5 7
e 5 0 7
e 2 6 7
e 6 7 7
e 7 8 7
e 8 9 7
e 9 3 7
e 10 11 7
e 11 12 7
e 12 13 7
e 13 14 7
e 14 15 7
e 15 10 7
e 11 4 1
e 12 9 1
e 7 16 1
e 1 17 1
e 16 18 2
e 16 19 2
e 17 20 2
e 17 21 2
e 0 22 1
e 5 23 1
e 6 24 1
e 8 25 1
e 10 26 1
e 13 27 1
e 14 28 1
e 15 29 1

t # 0 1 d178
v 0 0
v 1 0
v 2 0
v 3 0
v 4 0
v 5 0
v 6 1
v 7 1
v 8 1
v 9 2
v 10 2
v 11 0
v 12 1
v 13 1
v 14 0
v 15 1
v 16 1
v 17 1
v 18 2
v 19 3
v 20 3
e 0 1 7
e 1 2 7
e 2 3 7
e 3 4 7
e 4 5 7
e 5 0 7
e 0 6 1
e 4 7 1
e 5 8 1
e 2 9 1
e 9 10 1
e 3 11 1
e 11 10 2
e 11 12 1
e 9 13 1
e 10 14 1
e 14 15 1
e 14 16 1
e 14 17 1
e 1 18 1
e 18 19 2
e 18 20 2

t # 0 -1 d66
v 0 0
v 1 0
v 2 0
v 3 0
v 4 0
v 5 0
v 6 1
v 7 1
v 8 1
v 9 1
v 10 0
v 11 0
v 12 0
v 13 0
v 14 0
v 15 0
v 16 1
v 17 1
v 18 1
v 19 1
v 20 2
v 21 2
v 22 3
v 23 3
v 24 1
v 25 1
e 0 1 7
e 1 2 7
e 2 3 7
e 3 4 7
e 4 5 7
e 5 0 7
e 0 6 1
e 1 7 1
e 2 8 1
e 4 9 1
e 10 11 7
e 11 12 7
e 12 13 7
e 13 14 7
e 14 15 7
e 15 10 7
e 11 16 1
e 12 17 1
e 14 18 1
e 15 19 1
e 3 10 1
e 13 20 1
e 5 21 1
e 22 21 2
e 21 23 2
e 20 24 1
e 20 25 1

t # 0 -1 d142
v 0 0
v 1 0
v 2 0
v 3 0
v 4 0
v 5 0
v 6 1
v 7 1
v 8 3
v 9 0
v 10 0
v 11 3
v 12 0
v 13 0
v 14 0
v 15 0
v 16 1
v 17 1
v 18 2
v 19 3
v 20 3
v 21 5
v 22 5
v 23 5
e 0 1 7
e 1 2 7
e 2 3 7
e 3 4 7
e 4 5 7
e 5 0 7
e 1 6 1
e 4 7 1
e 2 8 1
e 8 9 1
e 9 10 7
e 10 11 1
e 11 3 1
e 9 12 7
e 12 13 7
e 13 14 7
e 14 15 7
e 15 10 7
e 12 16 1
e 15 17 1
e 5 18 1
e 18 19 2
e 18 20 2
e 14 21 1
e 13 22 1
e 0 23 1

t # 0 -1 d144
v 0 0
v 1 0
v 2 0
v 3 0
v 4 0
v 5 0
v 6 1
v 7 1
v 8 1
v 9 2
v 10 5
v 11 5
v 12 3
v 13 3
e 0 1 7
e 1 2 7
e 2 3 7
e 3 4 7
e 4 5 7
e 5 0 7
e 1 6 1
e 2 7 1
e 5 8 1
e 4 9 1
e 3 10 1
e 0 11 1
e 9 12 2
e 9 13 2

t # 0 -1 d65
v 0 0
v 1 0
v 2 0
v 3 0
v 4 0
v 5 0
v 6 1
v 7 1
v 8 1
v 9 1
v 10 0
v 11 0
v 12 0
v 13 0
v 14 1
v 15 1
v 16 2
v 17 2
v 18 3
v 19 3
v 20 3
v 21 3
e 0 1 7
e 1 2 7
e 2 3 7
e 3 4 7
e 4 5 7
e 5 0 7
e 0 6 1
e 1 7 1
e 4 8 1
e 5 9 1
e 2 10 7
e 10 11 7
e 11 12 7
e 12 13 7
e 13 3 7
e 10 14 1
e 12 15 1
e 16 13 1
e 11 17 1
e 18 16 2
e 16 19 2
e 20 17 2
e 17 21 2

t # 0 -1 d100
v 0 0
v 1 0
v 2 0
v 3 0
v 4 0
v 5 0
v 6 1
v 7 1
v 8 1
v 9 1
v 10 0
v 11 0
v 12 0
v 13 0
v 14 0
v 15 0
v 16 1
v 17 1
v 18 1
v 19 1
v 20 2
v 21 2
v 22 3
v 23 3
v 24 1
v 25 1
e 0 1 7
e 1 2 7
e 2 3 7
e 3 4 7
e 4 5 7
e 5 0 7
e 0 6 1
e 1 7 1
e 2 8 1
e 4 9 1
e 10 11 7
e 11 12 7
e 12 13 7
e 13 14 7
e 14 15 7
e 15 10 7
e 11 16 1
e 12 17 1
e 13 18 1
e 15 19 1
e 3 10 1
e 14 20 1
e 5 21 1
e 21 22 2
e 21 23 2
e 20 24 1
e 20 25 1

t # 0 -1 d168
v 0 0
v 1 0
v 2 0
v 3 0
v 4 0
v 5 0
v 6 1
v 7 1
v 8 1
v 9 1
v 10 3
v 11 0
v 12 1
v 13 1
v 14 1
v 15 2
v 16 3
v 17 3
e 0 1 7
e 1 2 7
e 2 3 7
e 3 4 7
e 4 5 7
e 5 0 7
e 0 6 1
e 2 7 1
e 3 8 1
e 5 9 1
e 4 10 1
e 10 11 1
e 11 12 1
e 11 13 1
e 11 14 1
e 1 15 1
e 15 16 2
e 15 17 2

