t # 0 1 d46
v 0 0
v 1 0
v 2 0
v 3 0
v 4 0
v 5 0
v 6 0
v 7 0
v 8 0
v 9 0
v 10 0
v 11 0
v 12 0
v 13 0
v 14 0
v 15 0
v 16 0
v 17 0
v 18 0
v 19 0
v 20 2
v 21 3
v 22 3
v 23 1
v 24 1
v 25 1
v 26 1
v 27 1
v 28 1
v 29 1
v 30 1
v 31 1
v 32 1
v 33 1
v 34 1
v 35 1
v 36 1
v 37 1
e 0 1 1
e 1 2 1
e 2 3 7
e 3 4 1
e 4 5 1
e 5 0 1
e 2 6 7
e 6 7 7
e 7 8 7
e 8 9 7
e 9 3 7
e 7 10 7
e 10 11 7
e 11 12 7
e 12 13 7
e 13 8 7
e 13 14 7
e 14 15 7
e 15 16 7
e 16 9 7
e 12 17 7
e 17 18 7
e 18 19 7
e 19 14 7
e 20 19 1
e 20 21 2
e 22 20 2
e 6 23 1
e 10 24 1
e 11 25 1
e 15 26 1
e 16 27 1
e 17 28 1
e 18 29 1
e 4 30 1
e 4 31 1
e 0 32 1
e 0 33 1
e 5 34 1
e 5 35 1
e 1 36 1
e 1 37 1

t # 0 1 d172
v 0 0
v 1 0
v 2 0
v 3 0
v 4 0
v 5 0
v 6 2
v 7 2
v 8 0
v 9 2
v 10 3
v 11 3
v 12 1
v 13 1
v 14 1
v 15 1
v 16 1
e 0 1 7
e 1 2 7
e 2 3 7
e 3 4 7
e 4 5 7
e 5 0 7
e 2 6 7
e 6 7 7
e 3 8 7
e 8 7 7
e 0 9 1
e 9 10 2
e 9 11 2
e 6 12 1
e 1 13 1
e 4 14 1
e 5 15 1
e 8 16 1

t # 0 1 d33
v 0 0
v 1 0
v 2 0
v 3 0
v 4 0
v 5 0
v 6 1
v 7 1
v 8 1
v 9 0
v 10 0
v 11 0
v 12 0
v 13 0
v 14 0
v 15 1
v 16 1
v 17 1
v 18 0
v 19 1
v 20 1
v 21 2
v 22 3
v 23 3
v 24 2
v 25 0
v 26 0
v 27 4
v 28 4
v 29 4
v 30 1
v 31 3
e 0 1 7
e 1 2 7
e 2 3 7
e 3 4 7
e 4 5 7
e 5 0 7
e 1 6 1
e 4 7 1
e 5 8 1
e 9 10 7
e 10 11 7
e 11 12 7
e 12 13 7
e 13 14 7
e 14 9 7
e 10 15 1
e 12 16 1
e 13 17 1
e 3 14 1
e 2 18 1
e 18 9 1
e 18 19 1
e 18 20 1
e 0 21 1
e 22 21 2
e 21 23 2
e 11 24 1
e 24 25 1
e 25 26 1
e 26 27 1
e 26 28 1
e 26 29 1
e 24 30 1
e 25 31 2

t # 0 1 d27
v 0 0
v 1 0
v 2 0
v 3 0
v 4 0
v 5 0
v 6 1
v 7 1
v 8 1
v 9 1
v 10 0
v 11 0
v 12 0
v 13 0
v 14 1
v 15 0
v 16 0
v 17 0
v 18 0
v 19 1
v 20 1
v 21 0
v 22 0
v 23 0
v 24 1
v 25 1
v 26 0
v 27 0
v 28 0
v 29 1
v 30 1
v 31 2
v 32 3
v 33 3
e 0 1 7
e 1 2 7
e 2 3 7
e 3 4 7
e 4 5 7
e 5 0 7
e 0 6 1
e 1 7 1
e 4 8 1
e 5 9 1
e 2 10 7
e 10 11 7
e 11 12 7
e 12 13 7
e 13 3 7
e 10 14 1
e 11 15 7
e 15 16 7
e 16 17 7
e 17 18 7
e 18 12 7
e 15 19 1
e 16 20 1
e 18 21 7
e 21 22 7
e 22 23 7
e 23 13 7
e 22 24 1
e 23 25 1
e 17 26 7
e 26 27 7
e 27 28 7
e 28 21 7
e 26 29 1
e 27 30 1
e 31 28 1
e 31 32 2
e 31 33 2

t # 0 1 d90
v 0 0
v 1 0
v 2 0
v 3 0
v 4 0
v 5 0
v 6 1
v 7 1
v 8 1
v 9 0
v 10 0
v 11 0
v 12 0
v 13 1
v 14 1
v 15 0
v 16 0
v 17 0
v 18 0
v 19 0
v 20 0
v 21 1
v 22 1
v 23 0
v 24 0
v 25 0
v 26 0
v 27 1
v 28 1
v 29 1
v 30 1
v 31 2
v 32 3
v 33 3
e 0 1 7
e 1 2 7
e 2 3 7
e 3 4 7
e 4 5 7
e 5 0 7
e 0 6 1
e 1 7 1
e 5 8 1
e 2 9 7
e 9 10 7
e 10 11 7
e 11 12 7
e 12 3 7
e 9 13 1
e 10 14 1
e 12 15 7
e 15 16 7
e 16 17 7
e 17 4 7
e 11 18 7
e 18 19 7
e 19 20 7
e 20 15 7
e 18 21 1
e 19 22 1
e 16 23 7
e 23 24 7
e 24 25 7
e 25 26 7
e 26 17 7
e 23 27 1
e 24 28 1
e 25 29 1
e 26 30 1
e 31 20 1
e 32 31 2
e 31 33 2

t # 0 1 d56
v 0 0
v 1 0
v 2 0
v 3 0
v 4 0
v 5 0
v 6 1
v 7 1
v 8 1
v 9 1
v 10 0
v 11 0
v 12 0
v 13 0
v 14 0
v 15 0
v 16 1
v 17 1
v 18 1
v 19 2
v 20 2
v 21 1
v 22 1
v 23 2
v 24 3
v 25 3
e 0 1 7
e 1 2 7
e 2 3 7
e 3 4 7
e 4 5 7
e 5 0 7
e 0 6 1
e 1 7 1
e 4 8 1
e 5 9 1
e 10 11 7
e 11 12 7
e 12 13 7
e 13 14 7
e 14 15 7
e 15 10 7
e 11 16 1
e 12 17 1
e 14 18 1
e 2 19 1
e 19 10 1
e 15 20 1
e 20 3 1
e 19 21 1
e 20 22 1
e 13 23 1
e 24 23 2
e 23 25 2

t # 0 1 d81
v 0 0
v 1 0
v 2 0
v 3 0
v 4 0
v 5 0
v 6 1
v 7 1
v 8 1
v 9 1
v 10 2
v 11 2
v 12 3
v 13 3
v 14 3
v 15 3
e 0 1 7
e 1 2 7
e 2 3 7
e 3 4 7
e 4 5 7
e 5 0 7
e 0 6 1
e 1 7 1
e 3 8 1
e 5 9 1
e 10 4 1
e 2 11 1
e 12 10 2
e 10 13 2
e 14 11 2
e 11 15 2

t # 0 1 d53
v 0 0
v 1 0
v 2 0
v 3 0
v 4 0
v 5 0
v 6 1
v 7 1
v 8 1
v 9 0
v 10 0
v 11 0
v 12 0
v 13 0
v 14 0
v 15 1
v 16 1
v 17 1
v 18 0
v 19 1
v 20 1
v 21 2
v 22 2
v 23 3
v 24 3
v 25 3
v 26 3
e 0 1 7
e 1 2 7
e 2 3 7
e 3 4 7
e 4 5 7
e 5 0 7
e 1 6 1
e 4 7 1
e 5 8 1
e 9 10 7
e 10 11 7
e 11 12 7
e 12 13 7
e 13 14 7
e 14 9 7
e 10 15 1
e 12 16 1
e 13 17 1
e 3 14 1
e 2 18 1
e 18 9 1
e 18 19 1
e 18 20 1
e 11 21 1
e 0 22 1
e 21 23 2
e 21 24 2
e 22 25 2
e 22 26 2

t # 0 1 d44
v 0 0
v 1 0
v 2 0
v 3 0
v 4 0
v 5 0
v 6 0
v 7 0
v 8 0
v 9 0
v 10 0
v 11 0
v 12 0
v 13 0
v 14 2
v 15 3
v 16 3
v 17 1
v 18 1
v 19 1
v 20 1
v 21 1
v 22 1
v 23 1
v 24 1
v 25 1
v 26 1
v 27 1
e 0 1 7
e 1 2 7
e 2 3 7
e 3 4 7
e 4 5 7
e 5 0 7
e 3 6 1
e 6 7 7
e 7 8 1
e 8 9 1
e 9 4 1
e 6 10 7
e 10 11 7
e 11 12 7
e 12 13 7
e 13 7 7
e 12 14 1
e 15 14 2
e 14 16 2
e 0 17 1
e 1 18 1
e 2 19 1
e 5 20 1
e 10 21 1
e 11 22 1
e 13 23 1
e 8 24 1
e 8 25 1
e 9 26 1
e 9 27 1

t # 0 1 d64
v 0 0
v 1 0
v 2 0
v 3 0
v 4 0
v 5 0
v 6 1
v 7 1
v 8 1
v 9 0
v 10 0
v 11 0
v 12 0
v 13 0
v 14 0
v 15 1
v 16 1
v 17 1
v 18 0
v 19 2
v 20 2
v 21 3
v 22 3
v 23 3
v 24 3
v 25 3
e 0 1 7
e 1 2 7
e 2 3 7
e 3 4 7
e 4 5 7
e 5 0 7
e 1 6 1
e 4 7 1
e 5 8 1
e 9 10 7
e 10 11 7
e 11 12 7
e 12 13 7
e 13 14 7
e 14 9 7
e 10 15 1
e 12 16 1
e 13 17 1
e 3 14 1
e 2 18 1
e 18 9 1
e 11 19 1
e 0 20 1
e 21 20 2
e 20 22 2
e 19 23 2
e 19 24 2
e 18 25 2

t # 0 1 d167
v 0 0
v 1 0
v 2 0
v 3 0
v 4 0
v 5 0
v 6 1
v 7 1
v 8 0
v 9 0
v 10 0
v 11 0
v 12 1
v 13 1
v 14 0
v 15 0
v 16 0
v 17 1
v 18 1
v 19 0
v 20 0
v 21 0
v 22 1
v 23 1
v 24 2
v 25 2
v 26 3
v 27 3
v 28 3
v 29 3
e 0 1 7
e 1 2 7
e 2 3 7
e 3 4 7
e 4 5 7
e 5 0 7
e 0 6 1
e 5 7 1
e 2 8 7
e 8 9 7
e 9 10 7
e 10 11 7
e 11 3 7
e 8 12 1
e 9 13 1
e 11 14 7
e 14 15 7
e 15 16 7
e 16 4 7
e 15 17 1
e 16 18 1
e 10 19 7
e 19 20 7
e 20 21 7
e 21 14 7
e 19 22 1
e 20 23 1
e 21 24 1
e 1 25 1
e 24 26 2
e 24 27 2
e 25 28 2
e 25 29 2

t # 0 1 d68
v 0 0
v 1 0
v 2 0
v 3 0
v 4 0
v 5 0
v 6 1
v 7 1
v 8 1
v 9 1
v 10 0
v 11 0
v 12 0
v 13 0
v 14 1
v 15 0
v 16 0
v 17 0
v 18 0
v 19 1
v 20 1
v 21 0
v 22 0
v 23 0
v 24 1
v 25 1
v 26 0
v 27 0
v 28 0
v 29 1
v 30 1
v 31 2
v 32 3
v 33 3
e 0 1 7
e 1 2 7
e 2 3 7
e 3 4 7
e 4 5 7
e 5 0 7
e 0 6 1
e 1 7 1
e 4 8 1
e 5 9 1
e 2 10 7
e 10 11 7
e 11 12 7
e 12 13 7
e 13 3 7
e 10 14 1
e 11 15 7
e 15 16 7
e 16 17 7
e 17 18 7
e 18 12 7
e 15 19 1
e 16 20 1
e 18 21 7
e 21 22 7
e 22 23 7
e 23 13 7
e 22 24 1
e 23 25 1
e 17 26 7
e 26 27 7
e 27 28 7
e 28 21 7
e 27 29 1
e 28 30 1
e 26 31 1
e 31 32 2
e 31 33 2

t # 0 -1 d73
v 0 0
v 1 0
v 2 0
v 3 0
v 4 0
v 5 0
v 6 1
v 7 1
v 8 1
v 9 1
v 10 0
v 11 0
v 12 0
v 13 0
v 14 0
v 15 0
v 16 1
v 17 1
v 18 1
v 19 1
v 20 2
v 21 2
v 22 3
v 23 3
v 24 1
v 25 1
e 0 1 7
e 1 2 7
e 2 3 7
e 3 4 7
e 4 5 7
e 5 0 7
e 0 6 1
e 1 7 1
e 2 8 1
e 5 9 1
e 10 11 7
e 11 12 7
e 12 13 7
e 13 14 7
e 14 15 7
e 15 10 7
e 11 16 1
e 12 17 1
e 13 18 1
e 15 19 1
e 3 10 1
e 20 14 1
e 21 4 1
e 22 21 2
e 21 23 2
e 20 24 1
e 20 25 1

t # 0 -1 d188
v 0 0
v 1 0
v 2 0
v 3 0
v 4 0
v 5 0
v 6 1
v 7 1
v 8 1
v 9 1
v 10 0
v 11 0
v 12 0
v 13 0
v 14 0
v 15 0
v 16 1
v 17 1
v 18 1
v 19 2
v 20 1
v 21 2
v 22 3
v 23 3
e 0 1 7
e 1 2 7
e 2 3 7
e 3 4 7
e 4 5 7
e 5 0 7
e 0 6 1
e 1 7 1
e 4 8 1
e 5 9 1
e 10 11 7
e 11 12 7
e 12 13 7
e 13 14 7
e 14 15 7
e 15 10 7
e 11 16 1
e 12 17 1
e 14 18 1
e 3 15 1
e 2 19 1
e 19 10 1
e 19 20 1
e 13 21 1
e 21 22 2
e 21 23 2

t # 0 -1 d138
v 0 0
v 1 0
v 2 0
v 3 0
v 4 0
v 5 0
v 6 2
v 7 2
v 8 0
v 9 0
v 10 2
v 11 3
v 12 3
v 13 1
v 14 1
v 15 1
v 16 1
v 17 1
v 18 1
v 19 1
v 20 1
e 0 1 7
e 1 2 7
e 2 3 7
e 3 4 7
e 4 5 7
e 5 0 7
e 2 6 7
e 6 7 7
e 3 8 7
e 8 7 7
e 7 9 1
e 0 10 1
e 10 11 2
e 10 12 2
e 1 13 1
e 4 14 1
e 5 15 1
e 8 16 1
e 9 17 1
e 9 18 1
e 9 19 1
e 6 20 1

t # 0 -1 d113
v 0 0
v 1 0
v 2 0
v 3 0
v 4 0
v 5 0
v 6 1
v 7 1
v 8 1
v 9 2
v 10 2
v 11 2
v 12 3
v 13 3
v 14 3
v 15 3
v 16 1
v 17 1
e 0 1 7
e 1 2 7
e 2 3 7
e 3 4 7
e 4 5 7
e 5 0 7
e 0 6 1
e 2 7 1
e 5 8 1
e 4 9 1
e 3 10 1
e 1 11 1
e 10 12 2
e 10 13 2
e 11 14 2
e 11 15 2
e 9 16 1
e 9 17 1

t # 0 -1 d154
v 0 0
v 1 0
v 2 0
v 3 0
v 4 0
v 5 0
v 6 2
v 7 0
v 8 2
v 9 2
v 10 3
v 11 3
v 12 1
v 13 1
v 14 1
v 15 1
v 16 1
e 0 1 7
e 1 2 7
e 2 3 7
e 3 4 7
e 4 5 7
e 5 0 7
e 2 6 7
e 6 7 7
e 3 8 7
e 8 7 7
e 7 9 1
e 9 10 2
e 9 11 2
e 0 12 1
e 1 13 1
e 4 14 1
e 5 15 1
e 6 16 1

t # 0 -1 d179
v 0 0
v 1 0
v 2 0
v 3 0
v 4 0
v 5 0
v 6 1
v 7 1
v 8 1
v 9 1
v 10 0
v 11 0
v 12 1
v 13 3
v 14 1
v 15 0
v 16 0
v 17 0
v 18 0
v 19 0
v 20 0
v 21 1
v 22 1
v 23 1
v 24 1
v 25 2
v 26 3
v 27 3
v 28 2
v 29 3
v 30 3
e 0 1 7
e 1 2 7
e 2 3 7
e 3 4 7
e 4 5 7
e 5 0 7
e 0 6 1
e 2 7 1
e 3 8 1
e 5 9 1
e 4 10 1
e 10 11 2
e 10 12 1
e 11 13 1
e 11 14 1
e 13 15 1
e 15 16 7
e 16 17 7
e 17 18 7
e 18 19 7
e 19 20 7
e 20 15 7
e 16 21 1
e 17 22 1
e 19 23 1
e 20 24 1
e 1 25 1
e 25 26 2
e 25 27 2
e 18 28 1
e 28 29 2
e 28 30 2

